Rasters/Pima_Global_Median.asc
ncols         347
nrows         131
xllcorner     -113.335634129
yllcorner     31.427890514
cellsize      0.0083113928299712
NODATA_value  -9999
[rows 52 to 77 of 131, columns 0 to 57 of 347]
4.58462E-2 4.91068E-2 5.23023E-2 5.91168E-2 8.44798E-2 9.16715E-2 8.0879E-2 1.08792E-1 1.46407E-1 1.45652E-1 1.42695E-1 1.27616E-1 1.72384E-1 1.68357E-1 1.50079E-1 1.48944E-1 1.38505E-1 8.35808E-2 7.56268E-2 6.10943E-2 5.76267E-2 5.59678E-2 6.91234E-2 6.55223E-2 5.76193E-2 5.33867E-2 5.86389E-2 6.14594E-2 5.51313E-2 7.12614E-2 7.75683E-2 7.36611E-2 7.63307E-2 7.1281E-2 8.21744E-2 1.03125E-1 1.12096E-1 1.31205E-1 2.10578E-1 3.18681E-1 3.12868E-1 4.04234E-1 2.54874E-1 2.97043E-1 2.92628E-1 2.54373E-1 2.60938E-1 1.5577E-1 1.03731E-1 1.49883E-1 2.87424E-1 2.98521E-1 2.72498E-1 2.80078E-1 1.77778E-1 1.4837E-1 1.31278E-1 1.06462E-1
5.19156E-2 5.64628E-2 4.98065E-2 5.61306E-2 9.70198E-2 1.07567E-1 9.91551E-2 1.10996E-1 1.51967E-1 1.54794E-1 1.46031E-1 1.31737E-1 1.49011E-1 1.66779E-1 1.46062E-1 1.47551E-1 1.97512E-1 1.33282E-1 7.83949E-2 5.93464E-2 5.91998E-2 5.99743E-2 5.84433E-2 5.75486E-2 6.3945E-2 6.35373E-2 6.50799E-2 6.39156E-2 7.60633E-2 7.67188E-2 7.07126E-2 7.64276E-2 6.97881E-2 7.0652E-2 9.4026E-2 9.81831E-2 1.07456E-1 1.13518E-1 1.61897E-1 1.7949E-1 2.87635E-1 3.6945E-1 3.97983E-1 3.90193E-1 3.32598E-1 3.271E-1 2.62755E-1 2.40838E-1 1.88529E-1 2.75075E-1 2.61245E-1 3.24174E-1 2.96838E-1 2.6237E-1 1.70152E-1 1.53011E-1 1.17113E-1 1.0837E-1
8.10391E-2 8.32731E-2 8.61737E-2 9.97211E-2 9.9906E-2 1.0975E-1 1.56332E-1 1.21243E-1 1.17165E-1 1.21626E-1 1.17101E-1 1.44547E-1 1.51704E-1 1.35647E-1 1.7541E-1 1.57638E-1 1.44897E-1 2.20607E-1 1.25367E-1 7.02524E-2 6.23637E-2 5.9179E-2 6.9125E-2 6.47876E-2 6.66975E-2 7.07482E-2 6.63657E-2 7.25929E-2 8.35909E-2 8.01116E-2 8.23351E-2 7.1086E-2 8.19041E-2 8.52417E-2 9.32013E-2 9.95421E-2 1.15793E-1 1.22105E-1 1.94796E-1 1.74015E-1 2.47298E-1 4.25869E-1 3.91002E-1 3.38457E-1 3.64093E-1 3.61694E-1 3.64266E-1 3.29154E-1 3.17222E-1 3.45629E-1 2.41366E-1 3.00474E-1 3.41901E-1 2.5028E-1 2.31707E-1 1.42196E-1 1.18838E-1 8.98144E-2
8.93177E-2 1.00899E-1 1.05323E-1 1.04126E-1 1.22094E-1 1.3359E-1 1.13351E-1 1.65057E-1 1.60892E-1 1.72745E-1 1.295E-1 1.16455E-1 1.59476E-1 1.58119E-1 1.6527E-1 2.16622E-1 2.2996E-1 2.17846E-1 1.90689E-1 6.50717E-2 6.04152E-2 5.63354E-2 6.51696E-2 6.60904E-2 6.63224E-2 6.46561E-2 6.46462E-2 6.71379E-2 7.37545E-2 6.97574E-2 6.93516E-2 7.15154E-2 8.01576E-2 8.67433E-2 9.44006E-2 1.06367E-1 1.1617E-1 1.22412E-1 1.65605E-1 2.23118E-1 4.10054E-1 3.58898E-1 2.85352E-1 2.68637E-1 3.43663E-1 3.64573E-1 3.74589E-1 3.54051E-1 2.18771E-1 2.76232E-1 3.73812E-1 3.01051E-1 2.82422E-1 2.4423E-1 2.29727E-1 1.34364E-1 1.19107E-1 9.45709E-2
9.51616E-2 1.03144E-1 1.08386E-1 1.12258E-1 1.35501E-1 1.39602E-1 1.46709E-1 1.7154E-1 1.436E-1 1.27063E-1 1.28942E-1 1.57858E-1 1.15641E-1 1.71941E-1 2.46027E-1 1.62282E-1 2.10452E-1 1.99016E-1 1.42863E-1 1.18907E-1 8.92172E-2 1.08562E-1 6.61526E-2 7.37391E-2 7.05624E-2 7.22482E-2 7.10844E-2 7.58109E-2 7.99715E-2 7.7253E-2 8.80467E-2 9.00908E-2 8.9006E-2 8.98323E-2 1.01827E-1 1.14853E-1 1.15636E-1 1.2193E-1 1.68136E-1 3.35224E-1 2.68374E-1 3.15004E-1 2.87156E-1 2.22042E-1 3.1123E-1 3.82879E-1 3.52162E-1 3.73395E-1 3.261E-1 2.30708E-1 3.19785E-1 2.92457E-1 2.80608E-1 2.23402E-1 2.16826E-1 2.12719E-1 9.71354E-2 9.01659E-2
-9999 8.95969E-2 1.07702E-1 1.00494E-1 1.09344E-1 1.31854E-1 1.43743E-1 1.35689E-1 1.32176E-1 1.35478E-1 1.57909E-1 1.86072E-1 2.21504E-1 1.43628E-1 2.00033E-1 1.94001E-1 1.6952E-1 1.59575E-1 2.28027E-1 1.65719E-1 1.62463E-1 1.16291E-1 1.95754E-1 2.07069E-1 2.19031E-1 7.49302E-2 7.56919E-2 8.08948E-2 7.48002E-2 8.68445E-2 8.46244E-2 8.97834E-2 9.04922E-2 1.10062E-1 1.04346E-1 1.21121E-1 1.2401E-1 2.06795E-1 2.18504E-1 3.06738E-1 2.54341E-1 2.70752E-1 2.28524E-1 2.87894E-1 3.44385E-1 4.11432E-1 3.84827E-1 3.75172E-1 3.37728E-1 3.88612E-1 3.38797E-1 3.19314E-1 2.21443E-1 2.54487E-1 2.35255E-1 2.17993E-1 1.8627E-1 8.52676E-2
-9999 -9999 -9999 -9999 1.0711E-1 1.3294E-1 1.50734E-1 1.55649E-1 1.59413E-1 1.45478E-1 1.9921E-1 1.961E-1 1.8557E-1 2.12045E-1 2.03421E-1 1.97288E-1 1.78137E-1 1.43572E-1 1.58632E-1 1.0002E-1 1.15067E-1 8.70185E-2 1.17889E-1 1.24411E-1 2.51535E-1 2.16714E-1 1.43698E-1 1.41E-1 9.06086E-2 9.14329E-2 8.13169E-2 8.81509E-2 1.04082E-1 1.10307E-1 1.15052E-1 1.9576E-1 2.00586E-1 1.82237E-1 3.30878E-1 2.99026E-1 1.99499E-1 3.40337E-1 2.90786E-1 3.47594E-1 3.75626E-1 3.91796E-1 4.02057E-1 3.40438E-1 3.88229E-1 3.21632E-1 3.26235E-1 2.47437E-1 2.16659E-1 2.13329E-1 1.95888E-1 1.88271E-1 1.71151E-1 1.48906E-1
-9999 -9999 -9999 -9999 -9999 -9999 -9999 1.42498E-1 1.54088E-1 1.52144E-1 2.1544E-1 2.23708E-1 2.15722E-1 2.30311E-1 2.1279E-1 2.17758E-1 2.05554E-1 1.68565E-1 2.062E-1 1.43949E-1 1.59097E-1 1.40501E-1 1.20329E-1 2.07493E-1 2.58913E-1 2.64546E-1 1.69228E-1 1.72413E-1 1.54679E-1 9.85531E-2 8.50014E-2 9.04742E-2 9.8946E-2 1.07395E-1 1.1243E-1 1.99192E-1 1.84266E-1 2.03945E-1 1.8734E-1 2.81987E-1 3.42536E-1 3.57341E-1 2.77527E-1 3.09999E-1 3.46153E-1 4.38629E-1 3.6947E-1 4.07966E-1 3.241E-1 2.946E-1 2.42697E-1 2.1754E-1 2.3714E-1 1.84465E-1 1.82421E-1 1.73453E-1 1.68755E-1 1.43241E-1
-9999 -9999 -9999 -9999 -9999 -9999 -9999 -9999 -9999 -9999 1.48567E-1 1.80194E-1 1.82603E-1 1.92203E-1 1.89263E-1 2.36955E-1 2.15342E-1 1.84738E-1 1.61253E-1 1.25281E-1 1.64184E-1 1.14697E-1 1.33758E-1 1.44893E-1 1.56018E-1 1.7854E-1 1.75204E-1 1.78745E-1 1.56309E-1 1.56751E-1 8.64194E-2 8.61178E-2 1.01753E-1 1.42345E-1 1.70625E-1 1.82544E-1 1.86251E-1 2.19815E-1 2.06139E-1 2.51467E-1 3.57532E-1 2.10045E-1 2.67989E-1 2.74775E-1 3.38799E-1 3.28894E-1 3.77664E-1 3.2053E-1 4.42833E-1 3.65151E-1 3.46737E-1 3.08252E-1 3.16482E-1 2.50992E-1 1.56889E-1 1.4339E-1 9.50827E-2 1.34795E-1
-9999 -9999 -9999 -9999 -9999 -9999 -9999 -9999 -9999 -9999 -9999 -9999 -9999 1.89026E-1 1.80757E-1 1.76814E-1 2.19578E-1 1.96321E-1 1.40982E-1 1.32564E-1 1.40311E-1 1.35229E-1 1.42987E-1 1.48156E-1 1.44624E-1 1.48916E-1 1.80619E-1 1.85521E-1 1.68035E-1 1.57564E-1 1.45222E-1 9.3119E-2 1.59293E-1 1.53661E-1 1.84728E-1 1.98802E-1 1.89369E-1 1.96308E-1 2.17713E-1 2.24094E-1 2.67162E-1 2.72812E-1 2.56835E-1 3.96788E-1 3.21402E-1 3.6263E-1 3.55143E-1 3.29403E-1 3.89725E-1 3.39407E-1 3.58006E-1 3.18556E-1 3.36577E-1 2.78354E-1 2.13188E-1 1.76041E-1 1.00131E-1 1.0241E-1
-9999 -9999 -9999 -9999 -9999 -9999 -9999 -9999 -9999 -9999 -9999 -9999 -9999 -9999 -9999 -9999 -9999 2.01882E-1 1.81576E-1 1.46297E-1 1.32881E-1 1.45814E-1 1.52484E-1 1.47489E-1 1.64676E-1 1.77918E-1 1.75315E-1 1.9908E-1 1.77226E-1 1.57095E-1 1.34152E-1 1.50945E-1 1.33735E-1 1.67817E-1 1.54719E-1 1.84785E-1 1.67533E-1 1.74899E-1 1.81779E-1 2.38225E-1 2.41055E-1 2.51028E-1 2.8729E-1 2.10099E-1 2.54968E-1 3.99119E-1 4.27203E-1 2.81827E-1 2.93615E-1 2.77871E-1 3.79608E-1 3.55452E-1 3.03552E-1 2.99236E-1 2.69608E-1 2.10409E-1 1.85208E-1 1.28523E-1
-9999 -9999 -9999 -9999 -9999 -9999 -9999 -9999 -9999 -9999 -9999 -9999 -9999 -9999 -9999 -9999 -9999 -9999 -9999 -9999 1.3711E-1 1.36523E-1 1.46248E-1 1.59432E-1 1.7441E-1 1.85683E-1 2.07683E-1 1.9742E-1 1.9433E-1 1.82226E-1 1.45726E-1 1.46304E-1 1.4157E-1 1.4376E-1 1.6208E-1 1.81365E-1 1.56537E-1 1.71682E-1 1.81447E-1 2.02662E-1 1.92045E-1 2.4833E-1 2.44872E-1 2.13077E-1 3.09467E-1 1.95674E-1 2.87165E-1 2.40654E-1 2.93998E-1 2.62671E-1 3.03256E-1 3.85151E-1 3.34279E-1 2.80798E-1 2.35967E-1 1.91535E-1 1.57434E-1 1.57089E-1
-9999 -9999 -9999 -9999 -9999 -9999 -9999 -9999 -9999 -9999 -9999 -9999 -9999 -9999 -9999 -9999 -9999 -9999 -9999 -9999 -9999 -9999 -9999 1.70468E-1 1.73504E-1 1.75589E-1 1.79438E-1 1.81021E-1 1.62381E-1 1.56727E-1 1.52888E-1 1.33184E-1 1.75453E-1 1.60612E-1 1.36078E-1 1.83674E-1 1.7354E-1 1.92184E-1 1.90285E-1 2.02326E-1 1.95995E-1 2.00309E-1 2.31567E-1 2.04932E-1 3.01754E-1 1.94038E-1 1.87796E-1 2.54428E-1 2.51023E-1 2.6178E-1 2.41463E-1 3.75956E-1 3.29388E-1 2.80158E-1 2.19008E-1 1.9399E-1 1.73121E-1 1.55643E-1
-9999 -9999 -9999 -9999 -9999 -9999 -9999 -9999 -9999 -9999 -9999 -9999 -9999 -9999 -9999 -9999 -9999 -9999 -9999 -9999 -9999 -9999 -9999 -9999 -9999 -9999 1.51363E-1 1.70319E-1 1.54167E-1 1.57273E-1 1.5026E-1 1.36909E-1 1.40482E-1 1.47077E-1 1.56893E-1 1.63518E-1 1.62648E-1 1.75203E-1 1.79178E-1 1.82326E-1 1.97032E-1 1.88952E-1 1.93661E-1 1.87735E-1 1.99713E-1 2.1099E-1 1.81574E-1 2.70935E-1 2.55382E-1 2.67471E-1 1.99763E-1 2.86487E-1 3.22351E-1 2.84429E-1 2.73637E-1 2.30615E-1 1.96337E-1 1.8077E-1
-9999 -9999 -9999 -9999 -9999 -9999 -9999 -9999 -9999 -9999 -9999 -9999 -9999 -9999 -9999 -9999 -9999 -9999 -9999 -9999 -9999 -9999 -9999 -9999 -9999 -9999 -9999 -9999 -9999 -9999 1.62938E-1 1.50859E-1 1.62682E-1 1.45712E-1 1.51702E-1 1.42083E-1 1.58829E-1 1.52028E-1 1.72966E-1 1.56575E-1 1.75951E-1 1.60831E-1 1.70176E-1 1.71716E-1 1.87635E-1 2.03173E-1 1.72938E-1 1.75569E-1 2.29181E-1 2.55558E-1 2.48922E-1 1.91128E-1 3.19116E-1 3.2618E-1 2.41908E-1 2.82091E-1 2.67651E-1 2.56884E-1
-9999 -9999 -9999 -9999 -9999 -9999 -9999 -9999 -9999 -9999 -9999 -9999 -9999 -9999 -9999 -9999 -9999 -9999 -9999 -9999 -9999 -9999 -9999 -9999 -9999 -9999 -9999 -9999 -9999 -9999 -9999 -9999 -9999 1.28512E-1 1.44549E-1 1.30318E-1 1.28997E-1 1.50179E-1 1.49843E-1 1.48555E-1 1.65905E-1 1.674E-1 1.40522E-1 1.97513E-1 1.71829E-1 1.71567E-1 1.90368E-1 1.52278E-1 1.47138E-1 1.43241E-1 1.41249E-1 1.37386E-1 2.4635E-1 2.35763E-1 3.34035E-1 2.74796E-1 3.03852E-1 2.51494E-1
-9999 -9999 -9999 -9999 -9999 -9999 -9999 -9999 -9999 -9999 -9999 -9999 -9999 -9999 -9999 -9999 -9999 -9999 -9999 -9999 -9999 -9999 -9999 -9999 -9999 -9999 -9999 -9999 -9999 -9999 -9999 -9999 -9999 -9999 -9999 -9999 1.14648E-1 1.22556E-1 1.29165E-1 1.20386E-1 1.55248E-1 1.63795E-1 1.44107E-1 1.37728E-1 1.76107E-1 1.64591E-1 1.55976E-1 1.37051E-1 1.3209E-1 1.19342E-1 1.20543E-1 1.97605E-1 1.59786E-1 3.05624E-1 2.61514E-1 3.14897E-1 2.60026E-1 1.96933E-1
-9999 -9999 -9999 -9999 -9999 -9999 -9999 -9999 -9999 -9999 -9999 -9999 -9999 -9999 -9999 -9999 -9999 -9999 -9999 -9999 -9999 -9999 -9999 -9999 -9999 -9999 -9999 -9999 -9999 -9999 -9999 -9999 -9999 -9999 -9999 -9999 -9999 -9999 -9999 1.20299E-1 1.55403E-1 1.26511E-1 1.36459E-1 1.41241E-1 1.20915E-1 1.41773E-1 1.42613E-1 1.42379E-1 1.19934E-1 1.15923E-1 1.16765E-1 1.18976E-1 1.50594E-1 1.58804E-1 2.14765E-1 2.85852E-1 2.56269E-1 2.50367E-1
-9999 -9999 -9999 -9999 -9999 -9999 -9999 -9999 -9999 -9999 -9999 -9999 -9999 -9999 -9999 -9999 -9999 -9999 -9999 -9999 -9999 -9999 -9999 -9999 -9999 -9999 -9999 -9999 -9999 -9999 -9999 -9999 -9999 -9999 -9999 -9999 -9999 -9999 -9999 -9999 -9999 -9999 1.4868E-1 1.13031E-1 1.56306E-1 1.27397E-1 1.31085E-1 1.26829E-1 1.27366E-1 1.06412E-1 1.15342E-1 1.1095E-1 1.6794E-1 1.46116E-1 2.14588E-1 2.70803E-1 2.75752E-1 3.0872E-1
-9999 -9999 -9999 -9999 -9999 -9999 -9999 -9999 -9999 -9999 -9999 -9999 -9999 -9999 -9999 -9999 -9999 -9999 -9999 -9999 -9999 -9999 -9999 -9999 -9999 -9999 -9999 -9999 -9999 -9999 -9999 -9999 -9999 -9999 -9999 -9999 -9999 -9999 -9999 -9999 -9999 -9999 -9999 -9999 -9999 -9999 1.09578E-1 1.07899E-1 1.1074E-1 9.84168E-2 9.26616E-2 8.86042E-2 8.88874E-2 1.39E-1 1.56987E-1 2.14588E-1 2.78294E-1 2.2696E-1
-9999 -9999 -9999 -9999 -9999 -9999 -9999 -9999 -9999 -9999 -9999 -9999 -9999 -9999 -9999 -9999 -9999 -9999 -9999 -9999 -9999 -9999 -9999 -9999 -9999 -9999 -9999 -9999 -9999 -9999 -9999 -9999 -9999 -9999 -9999 -9999 -9999 -9999 -9999 -9999 -9999 -9999 -9999 -9999 -9999 -9999 -9999 -9999 -9999 8.54045E-2 8.31855E-2 7.73071E-2 8.0249E-2 1.01757E-1 1.01913E-1 1.5168E-1 2.30625E-1 2.81179E-1
-9999 -9999 -9999 -9999 -9999 -9999 -9999 -9999 -9999 -9999 -9999 -9999 -9999 -9999 -9999 -9999 -9999 -9999 -9999 -9999 -9999 -9999 -9999 -9999 -9999 -9999 -9999 -9999 -9999 -9999 -9999 -9999 -9999 -9999 -9999 -9999 -9999 -9999 -9999 -9999 -9999 -9999 -9999 -9999 -9999 -9999 -9999 -9999 -9999 -9999 -9999 -9999 8.01356E-2 1.48177E-1 1.07154E-1 1.28439E-1 1.02189E-1 2.15519E-1
-9999 -9999 -9999 -9999 -9999 -9999 -9999 -9999 -9999 -9999 -9999 -9999 -9999 -9999 -9999 -9999 -9999 -9999 -9999 -9999 -9999 -9999 -9999 -9999 -9999 -9999 -9999 -9999 -9999 -9999 -9999 -9999 -9999 -9999 -9999 -9999 -9999 -9999 -9999 -9999 -9999 -9999 -9999 -9999 -9999 -9999 -9999 -9999 -9999 -9999 -9999 -9999 -9999 -9999 -9999 1.60145E-1 1.62471E-1 2.10219E-1
-9999 -9999 -9999 -9999 -9999 -9999 -9999 -9999 -9999 -9999 -9999 -9999 -9999 -9999 -9999 -9999 -9999 -9999 -9999 -9999 -9999 -9999 -9999 -9999 -9999 -9999 -9999 -9999 -9999 -9999 -9999 -9999 -9999 -9999 -9999 -9999 -9999 -9999 -9999 -9999 -9999 -9999 -9999 -9999 -9999 -9999 -9999 -9999 -9999 -9999 -9999 -9999 -9999 -9999 -9999 -9999 -9999 -9999
-9999 -9999 -9999 -9999 -9999 -9999 -9999 -9999 -9999 -9999 -9999 -9999 -9999 -9999 -9999 -9999 -9999 -9999 -9999 -9999 -9999 -9999 -9999 -9999 -9999 -9999 -9999 -9999 -9999 -9999 -9999 -9999 -9999 -9999 -9999 -9999 -9999 -9999 -9999 -9999 -9999 -9999 -9999 -9999 -9999 -9999 -9999 -9999 -9999 -9999 -9999 -9999 -9999 -9999 -9999 -9999 -9999 -9999
-9999 -9999 -9999 -9999 -9999 -9999 -9999 -9999 -9999 -9999 -9999 -9999 -9999 -9999 -9999 -9999 -9999 -9999 -9999 -9999 -9999 -9999 -9999 -9999 -9999 -9999 -9999 -9999 -9999 -9999 -9999 -9999 -9999 -9999 -9999 -9999 -9999 -9999 -9999 -9999 -9999 -9999 -9999 -9999 -9999 -9999 -9999 -9999 -9999 -9999 -9999 -9999 -9999 -9999 -9999 -9999 -9999 -9999
