Rasters/Pima_Global_Median.asc
ncols         347
nrows         131
xllcorner     -113.335634129
yllcorner     31.427890514
cellsize      0.0083113928299712
NODATA_value  -9999
[rows 0 to 25 of 131, columns 0 to 57 of 347]
-9999 -9999 -9999 -9999 -9999 -9999 -9999 -9999 -9999 -9999 -9999 -9999 -9999 -9999 -9999 -9999 -9999 -9999 -9999 -9999 -9999 -9999 -9999 -9999 -9999 -9999 -9999 -9999 -9999 -9999 -9999 -9999 -9999 -9999 -9999 -9999 -9999 -9999 -9999 -9999 -9999 -9999 -9999 -9999 -9999 -9999 -9999 -9999 -9999 -9999 -9999 -9999 -9999 -9999 -9999 -9999 -9999 -9999
7.36684E-2 7.21745E-2 6.62922E-2 6.83228E-2 7.3197E-2 6.8805E-2 6.79604E-2 6.19019E-2 6.40316E-2 5.72935E-2 5.8848E-2 5.15733E-2 6.18043E-2 6.27824E-2 6.29471E-2 6.97476E-2 7.68419E-2 1.03659E-1 1.25164E-1 1.80753E-1 1.90088E-1 1.89107E-1 1.83941E-1 3.23647E-1 3.17148E-1 3.19263E-1 1.92577E-1 1.55595E-1 1.43714E-1 1.26069E-1 1.18788E-1 1.6235E-1 1.4521E-1 1.90232E-1 1.84283E-1 1.91636E-1 1.85643E-1 1.92207E-1 2.00354E-1 2.05061E-1 1.99266E-1 2.18749E-1 2.28484E-1 2.19648E-1 2.27055E-1 2.18255E-1 2.1337E-1 2.12331E-1 1.97404E-1 2.20761E-1 2.22146E-1 2.47278E-1 2.58359E-1 2.30632E-1 1.97193E-1 1.73364E-1 1.70591E-1 1.88437E-1
6.41781E-2 6.57688E-2 6.29421E-2 6.19079E-2 6.55058E-2 6.74194E-2 7.38328E-2 6.80334E-2 6.74135E-2 6.70736E-2 5.52886E-2 5.86234E-2 5.60667E-2 6.60387E-2 6.29127E-2 7.27108E-2 8.7875E-2 9.72906E-2 1.48884E-1 1.75961E-1 1.99999E-1 1.98416E-1 1.90718E-1 2.32983E-1 2.77917E-1 3.45715E-1 2.85753E-1 2.6127E-1 1.46165E-1 1.29141E-1 1.1209E-1 1.06528E-1 1.55603E-1 1.17808E-1 1.33269E-1 2.0294E-1 2.01937E-1 1.84703E-1 1.88653E-1 2.09308E-1 2.31006E-1 2.13325E-1 2.10198E-1 2.5036E-1 2.38714E-1 2.15585E-1 2.40034E-1 2.27034E-1 2.12385E-1 2.05428E-1 2.06174E-1 2.03001E-1 2.21222E-1 2.05027E-1 2.22007E-1 1.88333E-1 1.88099E-1 2.89373E-1
7.14705E-2 6.92766E-2 7.19101E-2 7.07075E-2 7.07075E-2 6.21995E-2 6.63666E-2 7.17552E-2 6.5057E-2 6.55229E-2 6.03739E-2 6.4494E-2 6.02996E-2 6.589E-2 6.29327E-2 7.15851E-2 8.51803E-2 1.03444E-1 1.3613E-1 1.75548E-1 2.04672E-1 1.74083E-1 2.00424E-1 1.91198E-1 2.36572E-1 3.08899E-1 2.88303E-1 2.91304E-1 1.66273E-1 1.3678E-1 1.63442E-1 1.16783E-1 1.15007E-1 1.26397E-1 1.26795E-1 1.35738E-1 1.77556E-1 1.81053E-1 1.88721E-1 1.88961E-1 2.62313E-1 2.56368E-1 2.29603E-1 2.09816E-1 2.44262E-1 2.2204E-1 2.43981E-1 2.55944E-1 2.67618E-1 2.36195E-1 2.22916E-1 2.17436E-1 2.26307E-1 2.14854E-1 2.00773E-1 1.81028E-1 1.7287E-1 1.76632E-1
7.3709E-2 1.43483E-1 1.05942E-1 8.45431E-2 8.06162E-2 6.54582E-2 6.2232E-2 6.19976E-2 6.62933E-2 5.78481E-2 5.83537E-2 5.95543E-2 6.05922E-2 5.99457E-2 7.1892E-2 7.23243E-2 8.44662E-2 1.05663E-1 1.32339E-1 1.53651E-1 1.78617E-1 1.62086E-1 1.80047E-1 1.72857E-1 2.44028E-1 3.611E-1 3.48864E-1 3.1028E-1 2.84804E-1 2.08122E-1 1.39747E-1 1.45012E-1 1.42861E-1 1.50456E-1 1.20424E-1 1.06124E-1 1.27353E-1 1.81113E-1 1.99776E-1 1.94831E-1 2.32145E-1 2.31871E-1 2.59201E-1 2.38064E-1 2.42217E-1 2.39885E-1 2.58982E-1 2.68526E-1 3.4286E-1 2.78336E-1 3.486E-1 4.61088E-1 1.82596E-1 1.97989E-1 1.99703E-1 1.92527E-1 1.65538E-1 1.48951E-1
8.29131E-2 1.42564E-1 1.31824E-1 9.66254E-2 9.01042E-2 7.0562E-2 7.45921E-2 6.84793E-2 5.51006E-2 6.06288E-2 5.56026E-2 5.9157E-2 6.521E-2 5.74823E-2 7.16906E-2 7.16514E-2 8.56958E-2 1.00615E-1 1.17953E-1 1.44891E-1 1.73907E-1 1.52888E-1 1.6547E-1 1.94974E-1 2.12686E-1 2.1614E-1 2.23509E-1 2.76069E-1 3.257E-1 2.52649E-1 2.43974E-1 1.53744E-1 1.38126E-1 1.51313E-1 1.3339E-1 1.26043E-1 1.30373E-1 1.86682E-1 2.10537E-1 2.11368E-1 2.23961E-1 2.67861E-1 2.57388E-1 2.20129E-1 2.92544E-1 3.49369E-1 4.03765E-1 3.13751E-1 7.71729E-1 6.93155E-1 6.53087E-1 6.3042E-1 1.86511E-1 1.98437E-1 2.02506E-1 1.71521E-1 1.55711E-1 1.4691E-1
7.85531E-2 8.90498E-2 1.04806E-1 1.00316E-1 1.05267E-1 8.66758E-2 7.6231E-2 6.2966E-2 6.66969E-2 5.6162E-2 6.2511E-2 6.24815E-2 6.55054E-2 6.97937E-2 7.18638E-2 6.89441E-2 8.48347E-2 9.47494E-2 1.10408E-1 1.3605E-1 1.65057E-1 1.40043E-1 1.50723E-1 1.68611E-1 2.25236E-1 2.52492E-1 2.52733E-1 3.37345E-1 3.18585E-1 2.79239E-1 2.34384E-1 2.45836E-1 2.02832E-1 1.55577E-1 1.47099E-1 1.24798E-1 1.87482E-1 2.03715E-1 1.96334E-1 2.72877E-1 2.17504E-1 2.66451E-1 2.79038E-1 4.54445E-1 2.69899E-1 3.21785E-1 8.26666E-1 4.34815E-1 7.26015E-1 6.16775E-1 6.56993E-1 6.24287E-1 2.07395E-1 1.95612E-1 1.85994E-1 1.70203E-1 1.4537E-1 1.39698E-1
8.43659E-2 8.21543E-2 1.66784E-1 1.21662E-1 1.11785E-1 8.53773E-2 8.17989E-2 7.55183E-2 7.31796E-2 6.92706E-2 7.33281E-2 6.93646E-2 6.06997E-2 5.80456E-2 7.04309E-2 7.16788E-2 7.31928E-2 9.59665E-2 1.05077E-1 1.27067E-1 1.45192E-1 1.42667E-1 1.7149E-1 1.7781E-1 1.96434E-1 2.50029E-1 3.41283E-1 2.31742E-1 3.12117E-1 3.16937E-1 3.16233E-1 2.10233E-1 1.98699E-1 2.09609E-1 1.89294E-1 1.25875E-1 1.61447E-1 1.94465E-1 2.04041E-1 2.26337E-1 2.3996E-1 2.74307E-1 2.44251E-1 2.53624E-1 3.37844E-1 4.88283E-1 9.43418E-1 7.29529E-1 6.90656E-1 3.30859E-1 2.40962E-1 2.05534E-1 2.16857E-1 2.03871E-1 1.66724E-1 1.65519E-1 1.54367E-1 1.58125E-1
8.60562E-2 1.69017E-1 2.24619E-1 1.40149E-1 1.29086E-1 9.84423E-2 8.68348E-2 7.5704E-2 7.83332E-2 7.54015E-2 7.12427E-2 7.3512E-2 6.90063E-2 6.82163E-2 6.80311E-2 7.04135E-2 9.18082E-2 9.31806E-2 1.06195E-1 1.28101E-1 1.5741E-1 1.44292E-1 1.69727E-1 1.79941E-1 2.19782E-1 2.41496E-1 2.56852E-1 3.44548E-1 3.33159E-1 7.86375E-1 2.9494E-1 2.49012E-1 2.07516E-1 1.61697E-1 1.86192E-1 1.98996E-1 1.6961E-1 1.85561E-1 1.93759E-1 2.04795E-1 2.68196E-1 2.61217E-1 2.84409E-1 2.5144E-1 2.61586E-1 3.47019E-1 6.00608E-1 9.39967E-1 5.89944E-1 3.09572E-1 2.55998E-1 2.11634E-1 2.08633E-1 1.80726E-1 1.76202E-1 1.64877E-1 1.55144E-1 1.52049E-1
8.62144E-2 9.52645E-2 1.77818E-1 1.15397E-1 1.08378E-1 8.54585E-2 7.96968E-2 8.30945E-2 7.79746E-2 6.54304E-2 7.39867E-2 7.80582E-2 7.43639E-2 6.75218E-2 7.0356E-2 7.62281E-2 8.9423E-2 9.738E-2 1.11797E-1 1.23199E-1 1.56286E-1 1.68958E-1 1.76637E-1 2.09019E-1 2.21401E-1 2.54603E-1 2.32649E-1 3.34258E-1 2.93485E-1 4.97674E-1 3.33148E-1 2.28404E-1 1.80589E-1 1.87151E-1 1.37206E-1 1.61918E-1 1.50874E-1 1.7553E-1 1.50268E-1 2.39202E-1 2.38231E-1 2.31098E-1 2.70637E-1 2.74332E-1 2.60871E-1 5.07277E-1 4.00668E-1 6.69798E-1 5.14946E-1 2.96299E-1 2.38299E-1 2.25311E-1 1.90125E-1 1.82148E-1 1.69714E-1 1.68826E-1 1.39896E-1 1.3633E-1
7.43164E-2 8.35363E-2 1.63836E-1 2.46435E-1 1.12696E-1 9.12635E-2 8.40025E-2 9.15522E-2 7.37183E-2 8.41449E-2 8.01923E-2 7.82055E-2 6.92856E-2 7.86981E-2 7.03913E-2 7.55917E-2 8.54145E-2 1.04434E-1 1.21704E-1 1.31489E-1 1.66798E-1 1.58503E-1 1.83916E-1 1.92653E-1 2.24432E-1 2.5611E-1 2.42176E-1 3.19806E-1 2.89348E-1 2.49971E-1 3.99065E-1 2.06382E-1 2.0084E-1 1.33454E-1 1.23283E-1 1.15136E-1 1.48073E-1 1.44677E-1 1.34108E-1 2.10092E-1 2.35859E-1 2.15197E-1 2.68246E-1 2.35775E-1 2.54966E-1 2.74485E-1 3.65634E-1 5.87236E-1 6.21085E-1 2.79225E-1 2.37618E-1 2.07142E-1 1.85172E-1 1.67202E-1 1.52936E-1 1.4614E-1 1.35843E-1 1.30831E-1
7.59962E-2 9.09907E-2 1.37434E-1 1.8828E-1 1.30717E-1 9.80786E-2 9.09117E-2 8.78726E-2 8.92516E-2 8.8036E-2 7.62642E-2 7.94189E-2 8.0042E-2 8.00881E-2 6.79971E-2 7.98353E-2 8.83884E-2 9.67101E-2 1.23935E-1 1.27827E-1 1.63613E-1 1.72895E-1 1.74949E-1 2.37742E-1 2.16202E-1 2.61214E-1 2.42598E-1 3.25947E-1 6.01281E-1 2.25939E-1 2.15708E-1 2.16282E-1 1.99358E-1 1.74849E-1 1.69027E-1 1.31579E-1 1.19635E-1 1.53486E-1 1.75499E-1 1.79928E-1 1.88288E-1 2.29671E-1 2.42841E-1 2.51701E-1 2.4426E-1 2.29902E-1 5.63482E-1 3.45367E-1 5.2823E-1 2.36812E-1 2.34984E-1 2.23537E-1 2.09197E-1 1.77481E-1 1.50798E-1 1.43787E-1 1.37484E-1 1.33997E-1
7.21781E-2 8.42547E-2 1.32238E-1 1.83546E-1 1.64203E-1 1.04131E-1 9.77939E-2 9.5209E-2 8.13849E-2 9.21567E-2 9.41868E-2 8.59174E-2 7.86221E-2 7.65744E-2 8.01375E-2 8.70398E-2 9.2611E-2 1.00785E-1 1.25628E-1 1.55826E-1 1.59642E-1 1.66104E-1 2.15338E-1 2.2869E-1 2.19421E-1 3.45194E-1 4.12359E-1 6.04944E-1 4.16409E-1 1.86004E-1 1.96458E-1 1.93075E-1 1.7807E-1 1.65039E-1 1.50643E-1 1.53934E-1 1.36515E-1 1.49651E-1 1.59585E-1 1.67327E-1 2.0707E-1 2.22556E-1 2.36874E-1 2.4054E-1 2.37946E-1 2.3246E-1 3.47071E-1 4.70992E-1 5.87904E-1 2.39076E-1 2.45538E-1 2.44377E-1 3.37739E-1 2.9436E-1 1.90765E-1 1.58465E-1 1.3328E-1 1.33581E-1
6.9291E-2 1.30333E-1 8.69052E-2 1.56887E-1 1.23369E-1 1.09436E-1 9.33276E-2 1.01313E-1 8.21405E-2 8.76842E-2 9.43194E-2 8.39442E-2 8.16244E-2 8.32407E-2 8.35332E-2 8.70398E-2 1.0011E-1 1.07463E-1 1.25628E-1 1.46607E-1 1.58218E-1 1.66104E-1 2.12553E-1 2.1558E-1 3.84242E-1 4.73371E-1 4.26832E-1 3.89536E-1 5.12973E-1 2.64146E-1 2.14817E-1 1.89742E-1 1.64302E-1 1.51723E-1 1.73873E-1 1.63428E-1 1.57822E-1 1.72688E-1 1.81067E-1 1.5816E-1 1.91723E-1 1.95763E-1 2.16581E-1 2.29788E-1 2.31335E-1 2.28984E-1 2.48931E-1 2.36171E-1 2.62148E-1 2.33302E-1 3.21304E-1 3.28882E-1 3.38745E-1 3.47085E-1 5.55906E-1 5.323E-1 3.7619E-1 3.23072E-1
7.18937E-2 8.08578E-2 9.93567E-2 1.45486E-1 1.63142E-1 1.29425E-1 9.17542E-2 9.42491E-2 7.61434E-2 8.60648E-2 9.94342E-2 8.61457E-2 7.40706E-2 7.96429E-2 7.71188E-2 8.47306E-2 9.68633E-2 9.1548E-2 1.20369E-1 1.39563E-1 1.61039E-1 1.57992E-1 1.77976E-1 1.96434E-1 2.1437E-1 3.71581E-1 3.75357E-1 3.53684E-1 2.40601E-1 2.27552E-1 1.858E-1 1.73185E-1 1.80824E-1 1.73639E-1 1.69427E-1 1.788E-1 1.5806E-1 1.48322E-1 1.77832E-1 1.95091E-1 1.9937E-1 2.04865E-1 2.18407E-1 2.22558E-1 2.31291E-1 2.21377E-1 2.29803E-1 2.68542E-1 2.77379E-1 2.61793E-1 2.57138E-1 3.71111E-1 6.57926E-1 6.40128E-1 6.35845E-1 5.61208E-1 5.27094E-1 4.44334E-1
7.17647E-2 8.39093E-2 9.34415E-2 1.73696E-1 1.02321E-1 1.06373E-1 9.76076E-2 8.91567E-2 8.66509E-2 7.90984E-2 7.61952E-2 7.81856E-2 8.93584E-2 7.50091E-2 7.62225E-2 8.04355E-2 9.0617E-2 1.05531E-1 1.01673E-1 1.30303E-1 1.49714E-1 1.52042E-1 1.86842E-1 1.86718E-1 2.45144E-1 2.40133E-1 2.56686E-1 2.84502E-1 1.86124E-1 2.18512E-1 2.05947E-1 1.91124E-1 1.8168E-1 1.85707E-1 1.74202E-1 1.74483E-1 1.21734E-1 1.68764E-1 1.9071E-1 2.02009E-1 2.18628E-1 2.24441E-1 2.3067E-1 2.24033E-1 2.19875E-1 2.2299E-1 2.61717E-1 2.7088E-1 6.00672E-1 6.49867E-1 6.95724E-1 7.1538E-1 7.20232E-1 7.06819E-1 6.81834E-1 6.39622E-1 5.71921E-1 5.15736E-1
7.52373E-2 8.43604E-2 8.94523E-2 1.06286E-1 1.00069E-1 9.38231E-2 9.82133E-2 9.79376E-2 8.9408E-2 9.02934E-2 9.53178E-2 8.71742E-2 8.46159E-2 7.24686E-2 7.33435E-2 7.91193E-2 8.38797E-2 9.4821E-2 1.00272E-1 1.15294E-1 1.32216E-1 1.55269E-1 1.65613E-1 1.78884E-1 2.06839E-1 2.53101E-1 1.95784E-1 2.5619E-1 2.95627E-1 2.42298E-1 2.32603E-1 2.13401E-1 1.71316E-1 1.9028E-1 2.0474E-1 1.99538E-1 1.8534E-1 1.85865E-1 1.99553E-1 2.05069E-1 2.17589E-1 2.19377E-1 1.99234E-1 2.37171E-1 1.98766E-1 2.37672E-1 2.93087E-1 2.97199E-1 8.79629E-1 8.39794E-1 8.87336E-1 8.46533E-1 7.87569E-1 8.68715E-1 9.63024E-1 9.64304E-1 9.431E-1 6.98721E-1
4.45345E-2 7.36845E-2 7.12923E-2 1.27769E-1 1.553E-1 9.88552E-2 9.4576E-2 9.20497E-2 9.89616E-2 9.25278E-2 9.83458E-2 8.51025E-2 7.44707E-2 5.6823E-2 4.95915E-2 5.17944E-2 8.05746E-2 9.30868E-2 9.64738E-2 1.01856E-1 1.19036E-1 1.39874E-1 1.56082E-1 1.62451E-1 1.94895E-1 2.76706E-1 2.12493E-1 2.54419E-1 3.00202E-1 2.90586E-1 3.05499E-1 2.30233E-1 2.16923E-1 2.07559E-1 1.96611E-1 1.7725E-1 1.76927E-1 2.02084E-1 1.8465E-1 2.07791E-1 2.18008E-1 2.04516E-1 2.03128E-1 2.0654E-1 2.08815E-1 2.85519E-1 2.84517E-1 7.73626E-1 9.05032E-1 5.41638E-1 3.55579E-1 5.58335E-1 3.00735E-1 7.89722E-1 9.02163E-1 9.72632E-1 9.73079E-1 9.57017E-1
4.10374E-2 4.92062E-2 8.66904E-2 8.33813E-2 1.40505E-1 8.75067E-2 9.49556E-2 1.01729E-1 8.99227E-2 9.42614E-2 9.21251E-2 8.67535E-2 8.56382E-2 8.01899E-2 6.73664E-2 7.34054E-2 8.42276E-2 8.39901E-2 9.51163E-2 9.5871E-2 1.10815E-1 1.20788E-1 1.76541E-1 1.90147E-1 1.85967E-1 2.26461E-1 2.29484E-1 1.87749E-1 2.35672E-1 2.97796E-1 2.85622E-1 2.70994E-1 2.59334E-1 1.51487E-1 1.87255E-1 1.87225E-1 1.70909E-1 1.90223E-1 2.08298E-1 2.10074E-1 2.19684E-1 2.17583E-1 2.02041E-1 2.03717E-1 2.45016E-1 2.75201E-1 7.11026E-1 7.78795E-1 7.81569E-1 8.45509E-1 4.30026E-1 3.06059E-1 4.38255E-1 8.29816E-1 7.26389E-1 9.35192E-1 7.73121E-1 9.38239E-1
4.47746E-2 5.27465E-2 8.50413E-2 9.16198E-2 1.2456E-1 1.46721E-1 9.27737E-2 8.9146E-2 1.02353E-1 9.57538E-2 9.73524E-2 9.12036E-2 8.56043E-2 8.33691E-2 7.25541E-2 7.65721E-2 7.98642E-2 8.09949E-2 8.96053E-2 9.43962E-2 1.03227E-1 1.13082E-1 1.50301E-1 1.59131E-1 1.88427E-1 2.08028E-1 2.32391E-1 1.71189E-1 1.55436E-1 2.93005E-1 4.88342E-1 4.40815E-1 4.06555E-1 1.92417E-1 1.88291E-1 1.66168E-1 1.95579E-1 1.7854E-1 1.89017E-1 1.95367E-1 2.21292E-1 2.16828E-1 1.94196E-1 1.86245E-1 2.16335E-1 3.6873E-1 6.65983E-1 8.54602E-1 6.67607E-1 8.70036E-1 7.97021E-1 7.23911E-1 6.92345E-1 6.51293E-1 7.06075E-1 3.93513E-1 3.82988E-1 8.93472E-1
4.09936E-2 4.48216E-2 5.39691E-2 7.89563E-2 9.95001E-2 1.49103E-1 1.26696E-1 9.23853E-2 1.06007E-1 1.0563E-1 1.05024E-1 1.01138E-1 8.81511E-2 8.98599E-2 7.50219E-2 8.18688E-2 7.59408E-2 7.60441E-2 7.90094E-2 8.08826E-2 9.90679E-2 1.11167E-1 1.50656E-1 1.50102E-1 1.70246E-1 1.88865E-1 1.96836E-1 1.73257E-1 1.48817E-1 1.7218E-1 3.28783E-1 4.82036E-1 2.69435E-1 1.60795E-1 1.92445E-1 1.84714E-1 1.74987E-1 1.8487E-1 2.0385E-1 1.84892E-1 2.02057E-1 1.90725E-1 2.21234E-1 1.83788E-1 2.13894E-1 3.17386E-1 5.62424E-1 6.20009E-1 6.51008E-1 7.25261E-1 4.9088E-1 6.31563E-1 7.11146E-1 6.95493E-1 7.64637E-1 8.00668E-1 6.96348E-1 7.85869E-1
4.34351E-2 4.82494E-2 4.9958E-2 5.07599E-2 8.9794E-2 1.3227E-1 1.59138E-1 1.07693E-1 1.16726E-1 8.21967E-2 1.15953E-1 1.03281E-1 6.53505E-2 5.70884E-2 5.35501E-2 7.89333E-2 7.47989E-2 7.738E-2 7.56729E-2 9.21148E-2 9.17717E-2 1.09363E-1 1.21282E-1 1.33197E-1 1.71737E-1 1.68813E-1 1.75793E-1 1.66652E-1 1.39524E-1 1.65729E-1 3.14078E-1 2.61304E-1 2.59357E-1 1.81394E-1 1.74465E-1 1.67634E-1 1.64694E-1 1.68438E-1 1.99594E-1 1.89063E-1 2.01174E-1 2.06742E-1 1.96937E-1 1.70975E-1 1.95072E-1 2.06896E-1 3.6017E-1 4.80017E-1 4.57713E-1 4.85179E-1 5.23403E-1 4.74323E-1 5.23196E-1 5.9893E-1 6.60425E-1 6.55077E-1 5.82472E-1 5.56406E-1
4.20644E-2 4.0624E-2 4.59345E-2 4.73665E-2 5.31337E-2 8.89779E-2 1.28693E-1 1.6362E-1 1.06255E-1 7.81838E-2 1.23129E-1 8.23604E-2 7.13633E-2 6.10924E-2 5.48737E-2 5.29249E-2 7.94664E-2 8.13618E-2 8.28446E-2 7.92537E-2 8.46565E-2 9.91781E-2 1.07651E-1 1.30335E-1 1.42358E-1 1.51324E-1 1.55051E-1 1.69069E-1 1.42102E-1 1.40808E-1 3.03977E-1 4.40758E-1 2.80703E-1 1.61384E-1 1.82137E-1 1.72381E-1 1.72468E-1 1.83111E-1 1.74301E-1 1.87035E-1 1.96099E-1 2.09617E-1 1.94865E-1 1.71021E-1 2.02105E-1 1.9054E-1 2.42125E-1 4.65473E-1 4.10868E-1 3.74512E-1 3.21368E-1 3.74694E-1 3.38388E-1 4.74672E-1 4.55857E-1 4.37051E-1 4.63274E-1 5.56329E-1
4.47304E-2 4.17577E-2 4.5267E-2 4.7168E-2 4.93787E-2 5.98623E-2 9.53119E-2 1.64122E-1 1.81049E-1 9.10906E-2 8.21635E-2 7.13381E-2 6.60797E-2 6.31949E-2 5.70636E-2 6.05716E-2 5.64863E-2 7.41665E-2 8.75323E-2 8.12491E-2 8.04854E-2 9.6607E-2 1.07293E-1 1.3044E-1 1.46719E-1 1.48524E-1 1.6639E-1 1.56113E-1 1.51363E-1 1.43551E-1 3.10709E-1 2.67961E-1 3.69392E-1 2.3292E-1 1.79085E-1 1.75746E-1 1.83446E-1 1.84208E-1 2.00892E-1 1.80017E-1 1.8512E-1 2.09135E-1 1.89529E-1 1.99536E-1 1.8468E-1 1.7795E-1 5.00498E-1 3.94672E-1 3.88019E-1 3.52892E-1 3.71494E-1 4.90327E-1 4.54776E-1 5.09403E-1 4.72541E-1 4.87244E-1 4.98926E-1 5.59743E-1
4.49581E-2 4.48912E-2 4.63895E-2 4.66565E-2 4.70383E-2 5.69013E-2 6.1721E-2 7.40387E-2 1.69555E-1 1.35127E-1 8.18101E-2 7.30657E-2 7.29958E-2 6.4269E-2 5.88151E-2 6.03388E-2 5.31033E-2 5.79317E-2 8.51708E-2 6.54138E-2 6.69665E-2 8.84239E-2 9.84586E-2 9.85272E-2 1.0538E-1 1.50231E-1 1.42998E-1 1.44379E-1 1.31169E-1 1.46773E-1 1.33118E-1 3.06585E-1 4.06187E-1 2.27642E-1 1.42829E-1 1.59908E-1 1.95301E-1 1.77692E-1 1.72282E-1 1.6121E-1 1.93801E-1 1.89887E-1 1.97022E-1 2.10084E-1 1.91171E-1 2.26564E-1 2.3174E-1 4.62075E-1 4.91185E-1 4.12177E-1 3.97101E-1 4.13301E-1 4.413E-1 5.57341E-1 5.58391E-1 5.23473E-1 5.4452E-1 4.77373E-1
4.72459E-2 4.37495E-2 4.73843E-2 4.74898E-2 4.82992E-2 5.85761E-2 6.34836E-2 6.37E-2 7.94685E-2 1.17567E-1 8.15251E-2 7.1107E-2 7.16178E-2 6.95123E-2 6.41112E-2 5.79663E-2 5.11154E-2 5.43679E-2 5.30942E-2 6.57208E-2 7.49862E-2 8.82617E-2 9.27862E-2 1.0498E-1 9.59062E-2 1.24545E-1 1.36614E-1 1.44411E-1 1.50264E-1 1.73125E-1 1.54297E-1 3.10006E-1 3.08437E-1 2.76977E-1 1.36304E-1 1.73269E-1 1.87186E-1 1.90534E-1 1.87462E-1 1.71751E-1 1.99169E-1 1.7483E-1 1.7483E-1 1.8719E-1 1.95329E-1 2.90468E-1 2.51811E-1 2.93302E-1 3.21707E-1 3.30849E-1 3.50849E-1 4.98152E-1 3.52035E-1 4.46594E-1 5.58548E-1 5.58828E-1 5.52184E-1 5.91159E-1
