Rasters/Pima_Global_Median.asc
ncols         347
nrows         131
xllcorner     -113.335634129
yllcorner     31.427890514
cellsize      0.0083113928299712
NODATA_value  -9999
[rows 52 to 77 of 131, columns 58 to 115 of 347]
1.09142E-1 1.02534E-1 9.82823E-2 1.07567E-1 1.17598E-1 1.77309E-1 2.32473E-1 2.23228E-1 2.08224E-1 1.92555E-1 1.97111E-1 1.83698E-1 1.78516E-1 1.34959E-1 1.53894E-1 7.82042E-2 4.64169E-2 7.0381E-2 4.37663E-2 4.80325E-2 4.94583E-2 4.42396E-2 5.04608E-2 6.53547E-2 8.58829E-2 1.2035E-1 9.97887E-2 9.97887E-2 1.10267E-1 1.0935E-1 1.15131E-1 1.14004E-1 9.01996E-2 1.13526E-1 9.72691E-2 7.36841E-2 4.87766E-2 6.14745E-2 4.81044E-2 5.22395E-2 5.08931E-2 4.43175E-2 4.37633E-2 4.42288E-2 3.31923E-2 3.40118E-2 3.39785E-2 3.07425E-2 2.99654E-2 2.7039E-2 2.96868E-2 2.62943E-2 2.28697E-2 2.26339E-2 1.88013E-2 1.71407E-2 1.69212E-2 1.77745E-2
9.89897E-2 1.0033E-1 9.12622E-2 1.06612E-1 1.13884E-1 1.44606E-1 2.34496E-1 2.30121E-1 2.32929E-1 2.03882E-1 1.68376E-1 1.58843E-1 1.75589E-1 1.29444E-1 1.5432E-1 1.258E-1 1.05936E-1 5.42974E-2 3.55946E-2 5.03109E-2 4.90797E-2 4.10965E-2 5.25571E-2 9.26148E-2 1.1405E-1 9.50135E-2 1.01797E-1 1.01797E-1 1.03759E-1 1.06308E-1 1.08212E-1 1.16695E-1 1.21203E-1 1.15514E-1 1.02751E-1 9.47894E-2 8.17205E-2 5.57618E-2 5.32875E-2 4.99691E-2 5.32205E-2 3.52138E-2 4.33283E-2 2.09606E-2 3.27488E-2 2.00919E-2 2.18316E-2 2.18354E-2 2.8865E-2 2.84867E-2 2.32437E-2 2.49656E-2 1.51472E-2 1.18833E-2 2.1191E-2 1.17129E-2 1.39637E-2 1.95565E-2
9.997E-2 9.85628E-2 9.43624E-2 1.13941E-1 9.46687E-2 1.8288E-1 2.35279E-1 2.39057E-1 1.97758E-1 2.48194E-1 1.46725E-1 1.69271E-1 1.31608E-1 1.2703E-1 1.80967E-1 1.19698E-1 9.89369E-2 2.73206E-2 3.61788E-2 4.59888E-2 3.10429E-2 3.60688E-2 4.1825E-2 5.7734E-2 8.31185E-2 9.26973E-2 9.35681E-2 9.35681E-2 1.12067E-1 1.09128E-1 1.13332E-1 1.14401E-1 1.04224E-1 1.14263E-1 1.02754E-1 9.57105E-2 1.07647E-1 6.13282E-2 5.53251E-2 5.02816E-2 3.11602E-2 4.77433E-2 2.16075E-2 2.14429E-2 2.13972E-2 2.22551E-2 2.10292E-2 1.86843E-2 2.03057E-2 1.96001E-2 2.04413E-2 1.81595E-2 1.45257E-2 1.45581E-2 1.17024E-2 1.17024E-2 1.66309E-2 1.25111E-2
9.0453E-2 9.1291E-2 1.0307E-1 9.18946E-2 9.70209E-2 1.71813E-1 1.82322E-1 2.07875E-1 1.76488E-1 2.2446E-1 1.91257E-1 1.2804E-1 1.4401E-1 1.00331E-1 1.69081E-1 9.78165E-2 5.19052E-2 3.03273E-2 3.07137E-2 2.42681E-2 1.93697E-2 2.45081E-2 5.32818E-2 6.27559E-2 6.94169E-2 1.11873E-1 9.23812E-2 9.23812E-2 1.03497E-1 1.10948E-1 1.06696E-1 1.14555E-1 1.10033E-1 1.08566E-1 1.10555E-1 8.93681E-2 7.84258E-2 9.54679E-2 5.44586E-2 4.22589E-2 3.79138E-2 3.77144E-2 3.89203E-2 2.02461E-2 2.20013E-2 2.11261E-2 2.33375E-2 1.91287E-2 1.85051E-2 1.85073E-2 1.78604E-2 1.67818E-2 1.45791E-2 1.48702E-2 1.24949E-2 1.34413E-2 1.30529E-2 1.54441E-2
8.63843E-2 9.15655E-2 1.00186E-1 9.14973E-2 1.11134E-1 1.47502E-1 1.93961E-1 1.99736E-1 1.71853E-1 2.25893E-1 1.57735E-1 1.80516E-1 1.02648E-1 1.38351E-1 1.70219E-1 1.02099E-1 3.8101E-2 3.1443E-2 2.34955E-2 1.57262E-2 2.11822E-2 1.96147E-2 3.31209E-2 5.6085E-2 7.22412E-2 8.00988E-2 8.8108E-2 8.8108E-2 1.00258E-1 1.05721E-1 1.09242E-1 1.15819E-1 1.11256E-1 1.17351E-1 9.20679E-2 1.04636E-1 7.25578E-2 7.36543E-2 5.09551E-2 4.901E-2 4.43336E-2 3.93337E-2 3.73316E-2 2.189E-2 2.43816E-2 2.34919E-2 1.8788E-2 3.17713E-2 3.27558E-2 3.28287E-2 1.7443E-2 1.60903E-2 1.43202E-2 1.55626E-2 1.54526E-2 1.5457E-2 1.21214E-2 1.23732E-2
9.17304E-2 9.14625E-2 9.53289E-2 1.0644E-1 1.57962E-1 1.47232E-1 1.68192E-1 2.18355E-1 1.82107E-1 1.83155E-1 2.11164E-1 1.16211E-1 1.39882E-1 1.60587E-1 1.49514E-1 1.33355E-1 7.21466E-2 3.53092E-2 2.88335E-2 2.5335E-2 2.39363E-2 3.07335E-2 4.49438E-2 5.6881E-2 6.77027E-2 9.41068E-2 9.64399E-2 9.64399E-2 8.94908E-2 9.88173E-2 1.07217E-1 1.17594E-1 1.19685E-1 9.68058E-2 9.28316E-2 9.38199E-2 7.20935E-2 8.26388E-2 6.89091E-2 5.6437E-2 5.23002E-2 4.84534E-2 4.14338E-2 2.25627E-2 2.36434E-2 2.20989E-2 1.91403E-2 1.99806E-2 3.12747E-2 1.69579E-2 1.7486E-2 1.74084E-2 1.45851E-2 1.42072E-2 1.4316E-2 1.4016E-2 1.27027E-2 1.32441E-2
1.53103E-1 1.49447E-1 1.57276E-1 9.63348E-2 1.46433E-1 1.40914E-1 1.57367E-1 1.89562E-1 1.95715E-1 1.49695E-1 1.73182E-1 2.16721E-1 2.00447E-1 1.40482E-1 1.5971E-1 1.69609E-1 9.22598E-2 3.35029E-2 2.07186E-2 1.70293E-2 3.02928E-2 2.15016E-2 4.9377E-2 5.39935E-2 5.64165E-2 7.97768E-2 1.0293E-1 1.0293E-1 9.07493E-2 1.02374E-1 1.16786E-1 1.24248E-1 1.22296E-1 1.0281E-1 9.89883E-2 9.41627E-2 7.58934E-2 8.03212E-2 1.09176E-1 9.4977E-2 5.75598E-2 4.74559E-2 4.32657E-2 2.24392E-2 2.27165E-2 2.16352E-2 1.91044E-2 3.12747E-2 1.93252E-2 1.96434E-2 1.74883E-2 1.74084E-2 1.4743E-2 1.45077E-2 1.4316E-2 1.41792E-2 1.33118E-2 1.54427E-2
1.28329E-1 1.63507E-1 1.70002E-1 1.5611E-1 1.52302E-1 1.37074E-1 1.5141E-1 1.82463E-1 1.91512E-1 1.40549E-1 2.11629E-1 2.34392E-1 2.03503E-1 2.0459E-1 1.57933E-1 1.23054E-1 1.42908E-1 9.74248E-2 3.81319E-2 1.95928E-2 2.11384E-2 2.5825E-2 4.63374E-2 5.5563E-2 7.92118E-2 6.71461E-2 1.00911E-1 1.00911E-1 1.0392E-1 1.08808E-1 1.28996E-1 1.18767E-1 1.26946E-1 1.08215E-1 1.1508E-1 1.08752E-1 1.13051E-1 8.9605E-2 9.75839E-2 9.10347E-2 1.03142E-1 5.63798E-2 4.74219E-2 2.55415E-2 2.18461E-2 2.17997E-2 2.03407E-2 1.96493E-2 1.96453E-2 2.04976E-2 1.70961E-2 1.73697E-2 1.67989E-2 1.61723E-2 1.58133E-2 1.51441E-2 1.40815E-2 1.3725E-2
1.20071E-1 1.78944E-1 1.7159E-1 1.65269E-1 1.31802E-1 1.37465E-1 1.4224E-1 1.55625E-1 1.97998E-1 1.3893E-1 2.06176E-1 1.8833E-1 1.10624E-1 1.10005E-1 1.50431E-1 1.12743E-1 1.40836E-1 1.09736E-1 3.57158E-2 3.62499E-2 3.22173E-2 2.68266E-2 5.35866E-2 4.28832E-2 3.95243E-2 6.05755E-2 8.45244E-2 8.45244E-2 9.76864E-2 1.2586E-1 1.30926E-1 1.26535E-1 1.36968E-1 1.36213E-1 1.50226E-1 1.22686E-1 1.31957E-1 1.31845E-1 1.28193E-1 9.03277E-2 8.63465E-2 1.05329E-1 7.44889E-2 2.76962E-2 2.26859E-2 2.32293E-2 2.06856E-2 2.06816E-2 2.05261E-2 1.74416E-2 1.7878E-2 1.93374E-2 1.64956E-2 1.58763E-2 1.4316E-2 1.60807E-2 1.50909E-2 1.41536E-2
1.39647E-1 1.55264E-1 1.76884E-1 1.57875E-1 1.28979E-1 1.22764E-1 1.50276E-1 1.57433E-1 1.72051E-1 1.62917E-1 2.03829E-1 1.93284E-1 1.71491E-1 1.70814E-1 1.04678E-1 6.50553E-2 1.13644E-1 1.9867E-1 9.12642E-2 8.0151E-2 3.53181E-2 4.20425E-2 4.8425E-2 4.40833E-2 7.89139E-2 9.77522E-2 7.54012E-2 7.54012E-2 1.11324E-1 1.19922E-1 1.25997E-1 1.4518E-1 1.28078E-1 1.51169E-1 1.42996E-1 1.27502E-1 1.07415E-1 1.18337E-1 1.56088E-1 1.38222E-1 1.03484E-1 7.29897E-2 7.40875E-2 2.61162E-2 1.96883E-2 2.22504E-2 2.10889E-2 2.15809E-2 2.08202E-2 1.77666E-2 1.77916E-2 1.97223E-2 1.75906E-2 1.52296E-2 1.52478E-2 1.47951E-2 1.40188E-2 1.41762E-2
1.47177E-1 1.53947E-1 1.71915E-1 1.75633E-1 1.51867E-1 1.32254E-1 1.53748E-1 1.96023E-1 1.70573E-1 1.94034E-1 1.83242E-1 2.6586E-1 2.141E-1 1.58686E-1 1.71396E-1 1.70562E-1 1.34133E-1 1.20178E-1 1.25903E-1 1.21252E-1 1.02795E-1 8.66985E-2 7.30984E-2 4.59323E-2 6.7274E-2 8.60353E-2 6.7439E-2 6.7439E-2 1.02588E-1 1.4062E-1 1.70431E-1 1.56255E-1 1.64382E-1 1.55606E-1 1.6664E-1 1.60912E-1 1.16473E-1 1.02018E-1 1.25423E-1 1.29868E-1 1.13578E-1 9.50772E-2 7.71303E-2 7.75957E-2 6.56114E-2 5.63871E-2 5.58529E-2 4.06007E-2 2.65023E-2 2.13313E-2 2.58583E-2 2.26819E-2 2.23483E-2 1.94191E-2 1.55968E-2 1.6555E-2 1.6269E-2 1.45378E-2
1.5011E-1 1.62996E-1 1.8441E-1 1.93029E-1 1.79481E-1 1.76202E-1 2.03505E-1 1.64632E-1 1.58775E-1 2.45477E-1 1.86822E-1 2.00355E-1 2.1586E-1 2.06489E-1 1.73989E-1 1.82348E-1 1.8184E-1 1.5054E-1 1.3295E-1 1.13208E-1 1.27831E-1 1.02055E-1 9.95801E-2 9.37615E-2 1.064E-1 1.02316E-1 8.97238E-2 8.97238E-2 1.28085E-1 1.51655E-1 1.66953E-1 1.79417E-1 1.74962E-1 1.53299E-1 1.60802E-1 1.23674E-1 1.30524E-1 1.48012E-1 1.3872E-1 1.31792E-1 1.26676E-1 1.17375E-1 1.03365E-1 1.0335E-1 9.45017E-2 7.15156E-2 6.64631E-2 6.25944E-2 7.01265E-2 6.54266E-2 7.00499E-2 5.55623E-2 3.52154E-2 1.95434E-2 1.79516E-2 1.84917E-2 1.61337E-2 1.66192E-2
1.72689E-1 1.79906E-1 1.53862E-1 1.66155E-1 2.21459E-1 2.27162E-1 2.0788E-1 2.34378E-1 1.76619E-1 1.80283E-1 2.71551E-1 2.10878E-1 2.32106E-1 2.29348E-1 2.30333E-1 1.72907E-1 1.72363E-1 1.92909E-1 1.87242E-1 1.65376E-1 1.86015E-1 1.77111E-1 7.71317E-2 9.99039E-2 1.44426E-1 1.6421E-1 1.83495E-1 1.83495E-1 1.93856E-1 2.09621E-1 2.26536E-1 1.99976E-1 1.96371E-1 1.83659E-1 1.84995E-1 1.39616E-1 1.16801E-1 1.26354E-1 1.56581E-1 1.42177E-1 1.503E-1 1.28837E-1 1.0307E-1 1.03346E-1 9.3317E-2 9.75692E-2 9.02088E-2 9.69995E-2 8.59412E-2 8.56602E-2 7.7681E-2 7.24234E-2 6.30398E-2 4.2147E-2 3.00168E-2 1.89931E-2 1.85815E-2 1.83661E-2
1.78317E-1 1.59206E-1 1.66159E-1 1.84637E-1 2.0916E-1 2.11744E-1 2.47481E-1 2.49711E-1 2.4017E-1 1.95515E-1 1.33166E-1 1.64807E-1 1.78415E-1 2.19039E-1 2.17524E-1 2.42224E-1 2.35295E-1 2.28399E-1 1.82726E-1 1.83759E-1 1.57763E-1 7.42736E-2 1.1341E-1 8.97318E-2 1.38197E-1 1.57336E-1 2.20601E-1 2.20601E-1 2.35973E-1 2.1248E-1 2.5066E-1 2.44138E-1 2.0725E-1 1.28722E-1 1.77745E-1 1.57606E-1 1.1374E-1 1.85018E-1 1.49655E-1 1.86717E-1 1.49337E-1 1.25276E-1 1.12223E-1 1.13793E-1 1.05186E-1 1.0873E-1 1.04941E-1 9.15653E-2 9.05409E-2 1.09162E-1 9.3567E-2 6.18774E-2 5.74398E-2 5.32088E-2 2.29317E-2 2.19667E-2 4.07674E-2 2.72762E-2
2.2358E-1 2.20959E-1 1.74145E-1 1.55665E-1 2.11848E-1 2.66314E-1 2.48938E-1 2.52358E-1 2.33998E-1 1.91525E-1 1.29854E-1 1.39609E-1 2.01076E-1 2.15264E-1 2.1525E-1 1.89288E-1 1.27228E-1 1.97713E-1 2.49415E-1 1.88499E-1 2.56737E-1 2.58265E-1 1.27364E-1 1.28119E-1 1.93282E-1 2.44706E-1 2.84324E-1 2.84324E-1 2.66208E-1 2.19161E-1 2.4188E-1 2.48842E-1 1.65547E-1 1.40784E-1 1.7795E-1 1.06915E-1 1.33685E-1 1.1499E-1 1.1923E-1 1.1001E-1 1.67398E-1 1.22573E-1 8.99894E-2 9.3911E-2 1.03717E-1 1.15787E-1 1.08032E-1 1.15638E-1 8.5247E-2 1.04773E-1 1.03764E-1 8.17457E-2 8.2108E-2 6.36978E-2 3.95315E-2 3.89828E-2 3.63988E-2 6.19623E-2
2.21037E-1 2.44638E-1 2.35987E-1 2.02132E-1 1.9938E-1 2.80111E-1 2.61981E-1 2.86547E-1 2.1583E-1 1.81217E-1 1.42976E-1 1.42926E-1 1.45563E-1 1.35169E-1 2.01211E-1 1.74002E-1 1.91362E-1 1.45902E-1 2.19755E-1 2.75653E-1 2.04781E-1 3.08134E-1 2.85217E-1 2.26857E-1 3.09259E-1 3.02534E-1 3.43224E-1 3.43224E-1 3.05213E-1 2.67154E-1 2.15107E-1 2.4955E-1 1.82553E-1 1.55893E-1 1.85901E-1 1.09119E-1 1.61641E-1 1.34048E-1 1.23703E-1 1.19551E-1 1.82552E-1 1.13544E-1 1.20704E-1 1.18325E-1 1.14894E-1 1.23891E-1 1.29345E-1 1.14818E-1 1.1623E-1 1.17636E-1 1.17655E-1 1.12517E-1 9.39282E-2 7.22615E-2 5.89899E-2 5.14282E-2 4.02522E-2 2.86699E-2
2.07303E-1 2.68129E-1 2.36869E-1 2.43687E-1 1.99562E-1 2.54544E-1 2.76042E-1 2.36109E-1 1.92337E-1 1.63906E-1 1.33812E-1 1.29855E-1 1.30351E-1 1.37208E-1 1.25178E-1 1.29983E-1 1.32408E-1 1.36574E-1 1.9089E-1 1.42125E-1 2.23711E-1 1.85402E-1 2.28471E-1 2.49629E-1 2.95192E-1 3.03485E-1 3.62176E-1 3.62176E-1 2.54868E-1 2.61228E-1 1.9498E-1 1.99047E-1 1.92289E-1 1.73785E-1 1.4633E-1 1.57287E-1 1.62986E-1 1.36293E-1 1.24251E-1 1.17239E-1 1.88108E-1 1.50035E-1 1.42439E-1 1.31774E-1 1.26412E-1 1.19414E-1 1.3273E-1 1.17226E-1 1.30477E-1 1.34391E-1 1.31846E-1 1.29929E-1 1.25304E-1 1.06361E-1 7.17896E-2 6.26593E-2 4.54851E-2 4.12212E-2
2.46949E-1 2.70983E-1 2.47018E-1 2.59683E-1 2.58057E-1 2.71352E-1 2.89851E-1 2.09389E-1 1.81556E-1 1.48742E-1 1.18243E-1 1.18135E-1 1.06364E-1 1.27978E-1 1.13149E-1 1.1852E-1 1.22312E-1 1.28224E-1 1.35915E-1 1.47556E-1 1.35694E-1 1.49432E-1 2.22683E-1 2.21103E-1 2.58339E-1 2.40112E-1 3.10107E-1 3.10107E-1 2.90417E-1 2.33398E-1 2.50322E-1 2.19464E-1 1.85127E-1 1.84552E-1 1.60338E-1 1.52433E-1 1.22704E-1 1.33237E-1 1.17029E-1 1.21149E-1 1.31998E-1 1.81277E-1 1.41018E-1 1.45037E-1 1.41679E-1 1.32008E-1 1.2181E-1 1.25578E-1 1.38128E-1 1.44301E-1 1.49196E-1 1.40315E-1 1.55362E-1 1.23354E-1 1.07603E-1 8.81191E-2 8.38585E-2 3.88337E-2
2.86043E-1 2.41669E-1 2.39388E-1 2.85245E-1 2.6658E-1 2.88187E-1 2.38352E-1 1.86896E-1 1.62516E-1 1.35396E-1 1.20302E-1 1.07385E-1 1.07965E-1 1.03315E-1 1.08538E-1 1.08391E-1 1.0651E-1 1.16677E-1 1.22223E-1 1.24234E-1 1.44157E-1 1.27143E-1 1.90963E-1 2.31862E-1 2.51109E-1 2.11762E-1 2.93292E-1 2.93292E-1 2.69104E-1 2.58073E-1 2.43929E-1 2.54923E-1 1.56169E-1 1.59397E-1 1.53243E-1 1.20045E-1 1.02165E-1 1.09875E-1 7.96824E-2 8.96097E-2 1.32451E-1 1.35598E-1 1.84467E-1 1.83458E-1 1.72372E-1 1.42792E-1 1.26112E-1 1.31247E-1 1.36218E-1 1.35236E-1 1.42047E-1 1.37846E-1 1.50081E-1 1.4907E-1 1.2964E-1 1.04894E-1 9.22804E-2 5.26634E-2
2.4621E-1 2.38218E-1 2.82641E-1 2.88416E-1 2.76043E-1 2.66272E-1 2.0329E-1 1.65564E-1 1.65981E-1 1.46021E-1 1.17278E-1 1.2354E-1 1.19186E-1 9.49647E-2 1.01965E-1 1.07433E-1 9.77484E-2 9.28494E-2 1.05818E-1 1.0592E-1 1.20752E-1 1.1165E-1 1.99972E-1 1.99421E-1 2.1809E-1 2.62725E-1 2.58195E-1 2.58195E-1 2.66361E-1 2.29824E-1 1.67481E-1 1.54464E-1 1.4612E-1 1.42335E-1 1.19325E-1 1.00533E-1 8.592E-2 8.12872E-2 6.58421E-2 7.84536E-2 9.33217E-2 1.4793E-1 1.79066E-1 1.66911E-1 1.70478E-1 1.49389E-1 1.16686E-1 1.10748E-1 1.11986E-1 1.13004E-1 1.17495E-1 1.43219E-1 1.49152E-1 1.74539E-1 1.40809E-1 1.3355E-1 8.23847E-2 6.55045E-2
2.56205E-1 2.89189E-1 2.87847E-1 2.78753E-1 2.4701E-1 2.21902E-1 1.56411E-1 1.55267E-1 1.41987E-1 1.24161E-1 1.13575E-1 1.04486E-1 1.04198E-1 1.09556E-1 8.10717E-2 7.61724E-2 8.55925E-2 8.23856E-2 9.54977E-2 9.78673E-2 1.08033E-1 1.06389E-1 1.1723E-1 1.19254E-1 1.42646E-1 2.84456E-1 3.00181E-1 3.00181E-1 2.00176E-1 2.21308E-1 1.79508E-1 1.34421E-1 1.29916E-1 1.17511E-1 1.07053E-1 8.78709E-2 7.56033E-2 6.61369E-2 5.87081E-2 7.26234E-2 8.99453E-2 1.43099E-1 2.17256E-1 2.06842E-1 1.74152E-1 1.92598E-1 1.52521E-1 1.11375E-1 1.00176E-1 8.08247E-2 9.1612E-2 1.26054E-1 1.77811E-1 1.69405E-1 2.00383E-1 1.73614E-1 9.03793E-2 5.59537E-2
2.05689E-1 2.66989E-1 2.70989E-1 2.54203E-1 2.42155E-1 1.31827E-1 1.95908E-1 1.31609E-1 1.20296E-1 1.21922E-1 1.06957E-1 9.30844E-2 9.68732E-2 9.07041E-2 8.09281E-2 6.84697E-2 7.07258E-2 7.77971E-2 7.50814E-2 8.91383E-2 9.36346E-2 8.84493E-2 1.04485E-1 1.09527E-1 1.31571E-1 1.23591E-1 1.90645E-1 1.90645E-1 2.12412E-1 1.56476E-1 1.34284E-1 1.26522E-1 1.20233E-1 1.02681E-1 8.80471E-2 8.54746E-2 7.61219E-2 6.42635E-2 5.30148E-2 6.26497E-2 8.05048E-2 9.57842E-2 1.34713E-1 2.24858E-1 2.12181E-1 1.73681E-1 1.46258E-1 1.35921E-1 9.6302E-2 7.97117E-2 1.24672E-1 1.16102E-1 1.3582E-1 1.40129E-1 1.71995E-1 1.45153E-1 1.45504E-1 9.10675E-2
2.4615E-1 1.8477E-1 1.75704E-1 2.37909E-1 2.18258E-1 2.01288E-1 1.66384E-1 1.18854E-1 1.18612E-1 9.82098E-2 8.9279E-2 9.35548E-2 8.85835E-2 8.10139E-2 8.73261E-2 8.02946E-2 7.58144E-2 8.04418E-2 7.3241E-2 8.66936E-2 8.33677E-2 8.83322E-2 9.15779E-2 8.71784E-2 1.01133E-1 1.12127E-1 1.46799E-1 1.46799E-1 1.50447E-1 1.38849E-1 1.26754E-1 1.12865E-1 1.09114E-1 9.71326E-2 9.44868E-2 7.91689E-2 7.58093E-2 5.37982E-2 4.62284E-2 5.245E-2 7.10292E-2 8.05048E-2 9.13175E-2 1.42659E-1 2.24833E-1 1.90938E-1 1.2336E-1 1.34739E-1 8.99961E-2 5.64289E-2 1.12727E-1 1.63047E-1 1.23458E-1 1.77061E-1 2.4468E-1 1.42603E-1 1.47952E-1 1.02625E-1
2.02298E-1 2.42101E-1 1.84039E-1 2.29069E-1 2.06982E-1 1.51294E-1 1.79934E-1 1.0707E-1 1.09252E-1 9.11208E-2 8.75631E-2 8.26793E-2 9.22936E-2 7.58759E-2 7.56685E-2 7.0748E-2 6.32414E-2 7.17408E-2 6.76946E-2 6.27834E-2 7.51839E-2 8.72053E-2 7.6412E-2 8.55482E-2 7.58343E-2 7.67593E-2 1.73038E-1 1.73038E-1 1.11071E-1 9.61451E-2 1.10847E-1 9.79673E-2 1.08124E-1 1.00702E-1 8.78197E-2 7.44673E-2 5.58851E-2 5.95996E-2 4.73995E-2 6.49948E-2 5.79978E-2 7.05771E-2 8.23644E-2 9.53779E-2 1.53565E-1 1.65065E-1 1.63245E-1 1.5355E-1 1.74648E-1 1.40308E-1 1.15369E-1 1.55229E-1 1.45333E-1 2.22398E-1 2.22242E-1 2.0786E-1 1.75142E-1 1.07926E-1
-9999 -9999 -9999 -9999 1.52483E-1 1.93719E-1 1.09882E-1 1.07758E-1 9.60706E-2 9.04402E-2 7.98392E-2 7.6194E-2 7.25859E-2 7.43763E-2 6.74702E-2 7.27201E-2 7.38542E-2 6.33863E-2 6.15022E-2 6.05674E-2 5.22393E-2 6.32794E-2 6.11249E-2 5.99491E-2 6.59903E-2 6.28382E-2 6.83364E-2 6.83364E-2 1.3873E-1 1.16453E-1 8.57442E-2 1.23382E-1 1.13951E-1 1.17691E-1 7.51388E-2 7.80367E-2 6.13198E-2 5.60005E-2 4.59491E-2 5.40483E-2 5.9793E-2 5.9749E-2 6.77663E-2 7.5964E-2 8.15835E-2 1.38024E-1 1.35217E-1 1.43828E-1 1.83046E-1 2.0543E-1 1.89647E-1 1.78692E-1 1.47321E-1 2.24108E-1 2.32288E-1 1.77503E-1 1.58465E-1 1.34414E-1
-9999 -9999 -9999 -9999 -9999 -9999 -9999 1.01206E-1 9.76742E-2 7.60197E-2 7.26622E-2 6.03597E-2 6.76453E-2 6.5089E-2 6.55364E-2 6.09978E-2 6.79666E-2 5.10304E-2 5.59154E-2 5.2944E-2 4.93889E-2 5.2053E-2 5.55594E-2 5.14711E-2 5.45668E-2 5.96045E-2 5.44323E-2 5.44323E-2 6.59712E-2 7.31949E-2 6.77141E-2 1.09151E-1 1.07487E-1 1.10496E-1 1.03062E-1 6.07603E-2 5.76667E-2 4.76909E-2 4.34941E-2 4.81617E-2 4.61781E-2 5.23388E-2 5.44738E-2 6.32845E-2 7.49326E-2 8.82092E-2 1.3351E-1 1.498E-1 1.74493E-1 1.79355E-1 1.67353E-1 1.7712E-1 1.80778E-1 1.83255E-1 2.6455E-1 1.70057E-1 1.69079E-1 1.57287E-1
