Rasters/Pima_Global_Median.asc
ncols         347
nrows         131
xllcorner     -113.335634129
yllcorner     31.427890514
cellsize      0.0083113928299712
NODATA_value  -9999
[rows 26 to 51 of 131, columns 174 to 231 of 347]
7.39114E-2 8.06571E-2 8.3218E-2 8.04137E-2 8.01098E-2 8.21797E-2 7.25044E-2 6.83364E-2 5.17908E-2 5.33479E-2 5.61681E-2 4.79664E-2 4.98309E-2 5.1349E-2 6.57137E-2 6.68842E-2 8.71132E-2 1.05972E-1 1.46938E-1 1.65203E-1 1.19796E-1 1.24575E-1 1.05156E-1 1.01588E-1 9.75397E-2 1.3611E-1 1.32083E-1 1.16789E-1 1.24389E-1 1.17408E-1 1.09251E-1 1.2739E-1 1.23038E-1 1.36479E-1 1.32377E-1 1.46411E-1 1.5342E-1 1.68114E-1 1.76162E-1 3.65693E-1 3.54963E-1 3.53451E-1 3.89379E-1 5.28848E-1 5.41334E-1 5.00841E-1 7.0888E-1 6.64314E-1 7.3294E-1 8.63894E-1 7.94891E-1 8.87644E-1 9.26719E-1 8.04847E-1 7.99829E-1 7.55357E-1 4.80596E-1 5.24924E-1
5.53235E-2 6.40786E-2 7.35176E-2 7.62978E-2 7.97672E-2 7.38773E-2 6.25275E-2 6.86033E-2 6.44969E-2 5.76271E-2 5.32789E-2 5.40129E-2 4.74427E-2 6.50838E-2 6.66664E-2 8.48504E-2 9.30529E-2 1.16588E-1 1.20987E-1 1.26265E-1 1.6008E-1 1.31881E-1 1.38933E-1 1.27003E-1 1.43348E-1 1.32368E-1 1.30794E-1 1.19967E-1 1.14874E-1 1.06938E-1 9.17393E-2 1.13543E-1 1.14765E-1 1.19071E-1 1.17093E-1 1.29175E-1 1.42522E-1 1.54696E-1 1.59247E-1 2.92733E-1 3.00005E-1 3.69912E-1 3.49404E-1 4.9995E-1 4.70636E-1 5.37093E-1 5.81811E-1 5.40875E-1 5.5184E-1 7.24512E-1 7.80671E-1 7.41266E-1 8.84333E-1 7.24172E-1 6.7834E-1 7.03267E-1 6.73736E-1 5.6063E-1
5.22793E-2 5.02825E-2 5.98766E-2 6.77203E-2 6.41813E-2 5.60075E-2 6.19962E-2 5.2728E-2 5.58001E-2 5.92376E-2 5.22097E-2 6.77804E-2 6.81489E-2 6.43814E-2 6.55754E-2 7.86106E-2 1.07505E-1 1.18158E-1 1.21676E-1 1.82021E-1 1.69521E-1 1.32779E-1 1.37259E-1 1.45216E-1 1.30762E-1 1.22492E-1 1.19269E-1 1.06487E-1 7.89062E-2 8.95054E-2 8.96076E-2 7.47434E-2 8.50257E-2 8.53429E-2 1.14871E-1 1.16115E-1 1.23631E-1 1.37208E-1 1.39464E-1 2.6161E-1 2.74964E-1 3.02167E-1 3.31689E-1 3.77306E-1 4.23257E-1 4.91667E-1 5.69997E-1 5.80082E-1 7.08901E-1 6.79568E-1 8.40041E-1 8.07642E-1 8.34819E-1 7.96193E-1 7.88473E-1 7.00375E-1 6.41958E-1 4.90362E-1
5.74442E-2 5.46588E-2 5.79116E-2 5.9113E-2 5.21959E-2 5.34445E-2 5.33431E-2 5.10972E-2 5.48686E-2 6.93235E-2 7.61565E-2 7.69846E-2 6.11899E-2 6.37619E-2 7.2177E-2 8.74125E-2 1.02216E-1 1.4884E-1 1.63445E-1 1.7944E-1 1.79009E-1 1.65204E-1 1.56171E-1 1.41606E-1 1.29909E-1 1.28864E-1 1.15635E-1 1.02119E-1 1.01032E-1 8.74222E-2 6.59636E-2 6.61128E-2 6.47524E-2 7.68884E-2 8.12165E-2 8.0377E-2 8.70587E-2 9.49897E-2 1.04492E-1 1.56325E-1 1.54778E-1 2.84494E-1 3.04554E-1 3.23106E-1 4.59138E-1 4.64413E-1 4.71611E-1 5.9325E-1 7.05869E-1 8.14448E-1 7.04367E-1 7.64207E-1 7.43526E-1 7.66388E-1 6.61518E-1 6.94628E-1 7.237E-1 5.01334E-1
5.01336E-2 4.99771E-2 5.56133E-2 5.81954E-2 6.17485E-2 5.98437E-2 5.30928E-2 7.24155E-2 7.28269E-2 7.39697E-2 7.20011E-2 7.32315E-2 7.29138E-2 7.41834E-2 1.08296E-1 1.20431E-1 1.27982E-1 1.23427E-1 1.15514E-1 1.26286E-1 1.55255E-1 1.45998E-1 1.44275E-1 1.35136E-1 1.19005E-1 1.12829E-1 1.09766E-1 9.90761E-2 9.16882E-2 8.21371E-2 5.94199E-2 5.8013E-2 5.90667E-2 6.03557E-2 7.32198E-2 7.64889E-2 7.46836E-2 9.63562E-2 1.31201E-1 1.49292E-1 2.31375E-1 2.38959E-1 2.98885E-1 2.89881E-1 4.42128E-1 4.58769E-1 4.49195E-1 6.50897E-1 5.86861E-1 6.23335E-1 7.90588E-1 7.38797E-1 7.72764E-1 7.18538E-1 6.69919E-1 6.90259E-1 6.57687E-1 5.54349E-1
4.56768E-2 4.48989E-2 4.85846E-2 5.38727E-2 5.57218E-2 5.40169E-2 5.37449E-2 7.7234E-2 7.34014E-2 7.99312E-2 8.27322E-2 7.95154E-2 1.09351E-1 1.08731E-1 1.03176E-1 1.00456E-1 1.1249E-1 1.12614E-1 2.17951E-1 2.37081E-1 1.37782E-1 1.27881E-1 1.251E-1 1.12404E-1 1.05135E-1 1.06427E-1 9.48854E-2 8.94498E-2 7.93968E-2 7.48892E-2 4.91138E-2 6.65761E-2 7.46206E-2 5.69517E-2 5.6639E-2 6.92001E-2 6.6101E-2 7.15699E-2 1.20545E-1 1.95357E-1 2.24033E-1 2.1358E-1 2.85791E-1 2.68393E-1 3.40975E-1 4.13733E-1 4.47954E-1 5.43387E-1 5.87702E-1 5.79212E-1 6.45296E-1 6.83443E-1 7.03572E-1 6.3563E-1 6.25362E-1 6.56374E-1 5.82941E-1 5.75984E-1
4.40174E-2 4.4888E-2 7.33041E-2 4.90781E-2 5.16637E-2 5.25938E-2 7.10151E-2 6.57235E-2 8.97775E-2 9.07506E-2 8.13579E-2 9.19005E-2 9.26156E-2 8.78876E-2 8.4934E-2 1.03501E-1 1.0636E-1 1.11661E-1 1.28472E-1 1.23343E-1 1.29413E-1 1.17469E-1 1.07619E-1 1.12151E-1 1.00466E-1 9.15877E-2 8.85535E-2 8.85535E-2 7.2936E-2 7.11326E-2 7.07478E-2 5.61133E-2 5.54121E-2 7.68552E-2 8.30241E-2 5.4992E-2 6.1495E-2 7.57474E-2 9.94912E-2 1.11616E-1 1.73608E-1 2.31809E-1 2.33727E-1 2.515E-1 3.79276E-1 4.2285E-1 5.10796E-1 5.88061E-1 5.51292E-1 5.7606E-1 6.32507E-1 6.61168E-1 6.10486E-1 6.54949E-1 6.2363E-1 5.2853E-1 5.42873E-1 5.41592E-1
4.51362E-2 4.8784E-2 7.04431E-2 5.57189E-2 5.11523E-2 4.82516E-2 8.7537E-2 8.66744E-2 7.91471E-2 9.3635E-2 8.19542E-2 7.5325E-2 7.89807E-2 8.17063E-2 8.27154E-2 9.50515E-2 9.95038E-2 1.01265E-1 1.18065E-1 1.04319E-1 1.04571E-1 1.0505E-1 1.06134E-1 8.99294E-2 8.33535E-2 8.08709E-2 7.76142E-2 7.24777E-2 7.23038E-2 6.74159E-2 6.48401E-2 6.44881E-2 4.80083E-2 5.06744E-2 5.05543E-2 5.15971E-2 6.0722E-2 7.27854E-2 9.29016E-2 9.05275E-2 1.68082E-1 1.91176E-1 2.16371E-1 2.44272E-1 3.44687E-1 4.57143E-1 5.26211E-1 5.66077E-1 5.69947E-1 5.49261E-1 5.90812E-1 6.64812E-1 6.20569E-1 5.84157E-1 5.89564E-1 5.27267E-1 5.03677E-1 5.42945E-1
4.08639E-2 4.65933E-2 4.40565E-2 4.85828E-2 5.84209E-2 6.38567E-2 6.91946E-2 8.32324E-2 1.48296E-1 1.4442E-1 1.40379E-1 1.28545E-1 1.40777E-1 1.50055E-1 1.5481E-1 1.08287E-1 8.69509E-2 8.95568E-2 9.44887E-2 1.09033E-1 9.72961E-2 9.47256E-2 8.89445E-2 7.55569E-2 7.74596E-2 7.23332E-2 7.04485E-2 6.89313E-2 6.47527E-2 6.40519E-2 6.13837E-2 4.47306E-2 4.80006E-2 6.61057E-2 6.3606E-2 4.44125E-2 7.12727E-2 6.17289E-2 1.46254E-1 1.46993E-1 1.48116E-1 1.6752E-1 1.94519E-1 2.31093E-1 2.83068E-1 4.18131E-1 5.23774E-1 5.2036E-1 5.61179E-1 5.83922E-1 5.71536E-1 5.88168E-1 6.15748E-1 5.67232E-1 5.76966E-1 5.01919E-1 5.43922E-1 4.82493E-1
4.98001E-2 5.5098E-2 5.88708E-2 4.47287E-2 7.18707E-2 6.90854E-2 6.83908E-2 1.33266E-1 1.33223E-1 1.36821E-1 1.24294E-1 1.29029E-1 1.20155E-1 1.01501E-1 1.19824E-1 1.58485E-1 7.82393E-2 8.54985E-2 8.95052E-2 8.74823E-2 8.71599E-2 8.42167E-2 8.71712E-2 7.81756E-2 7.96802E-2 6.8285E-2 6.74319E-2 6.54097E-2 6.30813E-2 6.42736E-2 6.14095E-2 4.46973E-2 4.65592E-2 5.20374E-2 5.10425E-2 4.28453E-2 5.52842E-2 7.30022E-2 8.20426E-2 1.23792E-1 1.50795E-1 1.77419E-1 1.60633E-1 2.38075E-1 3.8774E-1 4.2078E-1 4.15259E-1 4.75079E-1 5.24468E-1 5.57659E-1 5.46341E-1 5.65539E-1 5.48911E-1 5.63785E-1 5.43832E-1 5.47836E-1 4.81196E-1 4.08436E-1
4.9553E-2 4.91036E-2 4.93515E-2 6.78528E-2 7.04312E-2 1.30956E-1 1.21304E-1 1.12739E-1 1.36314E-1 1.27479E-1 1.16426E-1 1.04682E-1 1.13346E-1 1.07019E-1 1.00892E-1 1.32797E-1 1.33383E-1 1.55598E-1 8.15396E-2 8.84492E-2 8.7279E-2 8.28011E-2 8.39837E-2 7.04878E-2 7.29986E-2 7.66937E-2 6.64577E-2 6.51487E-2 6.35962E-2 6.02959E-2 5.97765E-2 5.9151E-2 4.45167E-2 4.41687E-2 4.76981E-2 6.30806E-2 6.40073E-2 1.07521E-1 1.14135E-1 1.27717E-1 1.21833E-1 1.52689E-1 2.02161E-1 2.266E-1 3.23547E-1 4.03059E-1 4.34603E-1 4.29363E-1 4.94163E-1 5.109E-1 5.22051E-1 5.39574E-1 5.37412E-1 5.76666E-1 5.59006E-1 3.99683E-1 4.14858E-1 3.41417E-1
4.39379E-2 5.82426E-2 6.50009E-2 6.35679E-2 1.1298E-1 1.08748E-1 1.1837E-1 1.13474E-1 1.21146E-1 1.13702E-1 1.1516E-1 1.24613E-1 1.10654E-1 1.03999E-1 1.32292E-1 1.10811E-1 1.20424E-1 1.41047E-1 8.13154E-2 8.44234E-2 8.83985E-2 7.87838E-2 8.36242E-2 6.98921E-2 7.38373E-2 7.52615E-2 7.34253E-2 6.77908E-2 6.4991E-2 5.46081E-2 5.16933E-2 5.86459E-2 6.11159E-2 5.9382E-2 5.88146E-2 7.47059E-2 7.23913E-2 9.91728E-2 8.06621E-2 1.20095E-1 1.58459E-1 1.49296E-1 2.04122E-1 2.37599E-1 3.39808E-1 3.42796E-1 3.51285E-1 4.25241E-1 4.68763E-1 4.78149E-1 5.0432E-1 5.10255E-1 5.94764E-1 5.83384E-1 6.24534E-1 5.23895E-1 4.12632E-1 3.36961E-1
5.68046E-2 6.17394E-2 9.41133E-2 1.08175E-1 1.04528E-1 9.55619E-2 1.03093E-1 1.07231E-1 1.02969E-1 9.94282E-2 1.03755E-1 1.02651E-1 1.02027E-1 9.88723E-2 1.01597E-1 1.10896E-1 1.21529E-1 1.24239E-1 1.38023E-1 8.22252E-2 7.89962E-2 7.38502E-2 8.12409E-2 6.74225E-2 7.30321E-2 7.25823E-2 6.70268E-2 6.70629E-2 5.20743E-2 5.30207E-2 5.09537E-2 5.13212E-2 5.97462E-2 8.35655E-2 8.35655E-2 8.05129E-2 9.17121E-2 9.33516E-2 9.19891E-2 1.59919E-1 1.62122E-1 1.55492E-1 1.88739E-1 1.76576E-1 2.90079E-1 3.16995E-1 3.62332E-1 3.9952E-1 4.49811E-1 4.59842E-1 4.77644E-1 6.12429E-1 5.81462E-1 5.73232E-1 6.25843E-1 4.98416E-1 3.214E-1 2.95478E-1
5.0053E-2 8.99503E-2 9.21798E-2 9.70372E-2 9.55957E-2 9.63275E-2 9.39036E-2 9.15123E-2 9.71353E-2 9.38191E-2 8.90611E-2 8.45773E-2 9.22936E-2 1.02731E-1 9.92956E-2 1.09117E-1 9.82208E-2 1.09471E-1 1.15231E-1 7.73827E-2 1.94731E-1 7.78648E-2 7.66714E-2 6.49375E-2 6.96243E-2 7.01012E-2 6.88046E-2 1.00535E-1 8.83864E-2 5.0347E-2 5.02202E-2 5.05517E-2 5.26234E-2 8.1809E-2 7.87784E-2 7.89279E-2 8.08449E-2 8.61491E-2 8.66661E-2 1.38679E-1 1.47609E-1 1.43366E-1 1.66142E-1 2.63821E-1 2.99658E-1 3.22634E-1 3.63948E-1 3.98214E-1 3.90162E-1 4.35997E-1 4.94429E-1 5.66055E-1 5.82895E-1 6.01858E-1 5.58484E-1 4.15684E-1 3.18209E-1 2.58432E-1
8.04404E-2 8.44261E-2 8.11341E-2 7.62888E-2 7.81689E-2 8.84142E-2 8.48138E-2 1.04473E-1 7.61085E-2 7.88011E-2 8.90201E-2 8.4039E-2 8.76603E-2 8.06379E-2 8.62572E-2 8.6751E-2 9.58206E-2 1.11535E-1 1.07425E-1 1.21103E-1 1.24857E-1 7.01514E-2 7.31094E-2 6.21748E-2 9.99944E-2 9.22505E-2 8.9194E-2 9.43838E-2 8.27401E-2 7.56453E-2 7.35437E-2 8.00925E-2 7.96008E-2 7.48586E-2 8.17237E-2 1.11676E-1 8.2293E-2 7.97752E-2 1.13359E-1 1.26731E-1 1.27375E-1 1.4897E-1 1.63181E-1 2.51322E-1 2.95863E-1 3.20104E-1 3.55544E-1 3.55358E-1 3.96642E-1 4.59716E-1 4.39882E-1 5.04306E-1 4.92548E-1 5.07365E-1 6.3211E-1 4.34103E-1 2.90206E-1 2.74898E-1
7.59068E-2 7.34139E-2 6.82124E-2 8.85916E-2 1.09195E-1 1.03943E-1 1.52374E-1 1.352E-1 1.19807E-1 1.32555E-1 1.1889E-1 1.31611E-1 8.13599E-2 7.45913E-2 8.21469E-2 8.84649E-2 8.73901E-2 9.24927E-2 1.07986E-1 1.12406E-1 1.76248E-1 1.11503E-1 1.82292E-1 1.25407E-1 6.40861E-2 6.40861E-2 6.29536E-2 9.36515E-2 8.0313E-2 7.20614E-2 8.65112E-2 8.70947E-2 9.04017E-2 9.00843E-2 9.94377E-2 8.06235E-2 8.06235E-2 8.17995E-2 9.97903E-2 1.24079E-1 1.24079E-1 1.24079E-1 1.29578E-1 2.31273E-1 2.7047E-1 3.02982E-1 3.03749E-1 3.37468E-1 3.46843E-1 3.99301E-1 4.49377E-1 4.50468E-1 4.99616E-1 5.21014E-1 5.6292E-1 5.58399E-1 4.58441E-1 3.61415E-1
7.03812E-2 9.37583E-2 1.32716E-1 1.42314E-1 1.69586E-1 1.59758E-1 1.60154E-1 1.40225E-1 1.22432E-1 1.32898E-1 1.22532E-1 1.35284E-1 1.08646E-1 9.76811E-2 7.00631E-2 8.46612E-2 8.55202E-2 1.38346E-1 1.53472E-1 1.71178E-1 1.05191E-1 1.08869E-1 1.5723E-1 1.66586E-1 1.47484E-1 1.47383E-1 1.81384E-1 1.04555E-1 1.05371E-1 8.99166E-2 8.68437E-2 8.71847E-2 9.50742E-2 8.98176E-2 9.58198E-2 9.58198E-2 9.63201E-2 9.65458E-2 9.85354E-2 9.78767E-2 1.21263E-1 1.28989E-1 1.91496E-1 2.26214E-1 2.3596E-1 2.42407E-1 2.75704E-1 3.07503E-1 3.41849E-1 3.97728E-1 3.9906E-1 5.38994E-1 4.9477E-1 5.62317E-1 5.91185E-1 5.20184E-1 4.1991E-1 4.15107E-1
9.07217E-2 1.4419E-1 1.38089E-1 1.08798E-1 9.49999E-2 7.18556E-2 7.42367E-2 7.5155E-2 8.50381E-2 8.50791E-2 8.54591E-2 1.01726E-1 1.12735E-1 1.09623E-1 1.09118E-1 1.37425E-1 1.4252E-1 1.42831E-1 1.38621E-1 1.57656E-1 1.50247E-1 1.55183E-1 1.47606E-1 2.13015E-1 1.81643E-1 1.79977E-1 1.7873E-1 1.65666E-1 9.6663E-2 8.385E-2 8.36263E-2 8.35414E-2 8.66065E-2 8.37583E-2 9.57343E-2 9.58463E-2 9.58463E-2 9.91095E-2 1.04707E-1 1.03888E-1 1.03888E-1 1.15849E-1 1.9879E-1 2.03993E-1 2.32095E-1 2.34868E-1 2.37585E-1 2.87279E-1 2.90893E-1 3.53744E-1 3.94643E-1 3.94801E-1 4.59944E-1 5.82595E-1 5.00943E-1 5.92302E-1 5.53805E-1 4.97199E-1
9.20082E-2 1.40437E-1 1.38948E-1 1.08189E-1 8.35203E-2 7.72187E-2 6.01517E-2 5.36192E-2 4.58244E-2 5.46446E-2 5.78351E-2 5.0675E-2 6.05803E-2 7.48237E-2 1.15307E-1 1.02875E-1 1.44067E-1 1.45254E-1 1.49272E-1 1.75105E-1 1.8623E-1 1.79038E-1 1.75115E-1 1.81374E-1 2.07316E-1 2.15748E-1 2.04054E-1 1.58835E-1 1.49081E-1 8.43548E-2 8.28494E-2 8.56043E-2 8.34357E-2 9.30073E-2 9.41217E-2 9.52743E-2 1.00081E-1 1.00081E-1 1.01305E-1 1.53701E-1 1.56744E-1 1.57679E-1 1.80086E-1 1.85323E-1 1.98384E-1 2.19378E-1 2.27887E-1 2.41174E-1 2.9028E-1 3.42372E-1 3.61981E-1 3.9423E-1 5.11332E-1 4.99826E-1 5.02587E-1 5.32302E-1 5.64356E-1 5.07831E-1
1.01408E-1 1.30565E-1 1.40063E-1 1.10985E-1 9.02898E-2 5.99157E-2 5.94089E-2 4.43091E-2 4.18539E-2 2.70526E-2 2.73403E-2 4.46421E-2 3.56844E-2 6.01131E-2 7.89716E-2 1.07184E-1 1.2611E-1 1.55409E-1 1.42413E-1 1.71791E-1 1.79212E-1 1.64416E-1 1.82052E-1 1.75962E-1 2.02362E-1 2.12598E-1 1.7173E-1 1.4447E-1 1.74605E-1 1.41705E-1 8.7259E-2 1.33443E-1 1.60601E-1 1.42126E-1 1.40725E-1 9.23926E-2 1.40304E-1 1.66498E-1 1.4608E-1 1.47644E-1 1.48779E-1 1.50098E-1 1.56108E-1 1.76562E-1 1.75995E-1 1.90362E-1 1.91183E-1 2.32002E-1 2.41873E-1 2.93023E-1 3.51987E-1 4.35082E-1 4.80806E-1 4.8482E-1 4.73963E-1 4.59931E-1 5.18744E-1 5.07527E-1
8.53845E-2 1.19042E-1 1.4445E-1 1.11386E-1 1.03595E-1 8.11842E-2 6.87476E-2 5.57985E-2 4.20319E-2 3.28191E-2 2.17935E-2 2.28297E-2 4.09305E-2 6.02315E-2 5.94784E-2 8.66507E-2 1.22303E-1 1.53122E-1 1.86737E-1 1.743E-1 1.55998E-1 1.56786E-1 1.64557E-1 1.85394E-1 1.90209E-1 1.62447E-1 1.43612E-1 1.45624E-1 1.36231E-1 1.19928E-1 1.34264E-1 1.12772E-1 1.23117E-1 1.29582E-1 1.3251E-1 1.29923E-1 1.33314E-1 1.34029E-1 1.36E-1 1.41339E-1 1.44205E-1 1.48205E-1 1.66695E-1 1.68969E-1 1.77828E-1 1.84569E-1 1.91732E-1 2.25778E-1 2.51376E-1 3.47753E-1 3.65698E-1 4.33135E-1 4.88295E-1 4.86351E-1 5.3942E-1 5.14218E-1 4.78033E-1 4.37869E-1
1.25555E-1 1.35053E-1 1.52088E-1 1.19403E-1 1.19713E-1 9.05722E-2 6.57825E-2 7.37756E-2 5.89661E-2 4.31934E-2 3.82391E-2 2.71539E-2 4.6002E-2 6.32502E-2 6.84023E-2 8.60652E-2 1.22298E-1 1.58903E-1 1.76782E-1 1.56169E-1 1.65108E-1 1.51366E-1 1.62416E-1 1.52428E-1 1.47247E-1 1.47836E-1 1.43111E-1 1.41838E-1 1.1607E-1 1.37165E-1 1.2112E-1 1.08222E-1 1.07666E-1 1.2496E-1 1.25661E-1 1.28367E-1 1.27401E-1 1.28366E-1 1.33405E-1 1.3709E-1 1.35261E-1 1.3973E-1 1.53413E-1 1.74391E-1 1.77331E-1 1.80833E-1 1.82456E-1 2.36892E-1 2.79428E-1 2.91375E-1 3.8192E-1 4.21714E-1 4.53403E-1 5.35278E-1 5.25555E-1 4.45857E-1 3.74762E-1 4.08072E-1
9.77893E-2 1.31812E-1 1.62761E-1 1.35288E-1 1.11877E-1 1.16959E-1 9.02798E-2 6.82868E-2 6.57055E-2 5.6908E-2 5.02896E-2 4.7842E-2 7.28815E-2 7.39645E-2 8.77998E-2 1.04676E-1 1.18395E-1 1.54916E-1 1.74108E-1 1.81417E-1 2.03971E-1 1.55498E-1 1.42125E-1 1.66599E-1 1.46309E-1 1.33969E-1 1.30388E-1 1.10875E-1 1.12111E-1 1.04008E-1 8.83535E-2 1.01027E-1 1.20438E-1 1.04831E-1 1.19473E-1 1.22685E-1 1.24294E-1 1.25753E-1 1.24035E-1 1.24977E-1 1.39585E-1 1.43109E-1 1.47649E-1 1.58697E-1 1.49147E-1 1.86395E-1 1.94934E-1 2.36165E-1 2.75141E-1 2.94004E-1 3.38595E-1 3.61472E-1 4.00001E-1 4.59432E-1 3.96139E-1 3.81591E-1 4.49481E-1 3.29776E-1
7.45966E-2 1.27679E-1 1.56568E-1 1.55082E-1 1.28831E-1 1.09316E-1 9.63953E-2 9.13901E-2 8.33762E-2 8.57562E-2 6.82334E-2 6.33357E-2 6.85167E-2 6.57183E-2 8.12722E-2 9.61858E-2 1.20557E-1 1.7798E-1 1.96411E-1 2.04836E-1 2.13563E-1 2.12264E-1 1.67443E-1 1.36901E-1 1.30154E-1 1.08777E-1 1.07605E-1 1.29E-1 1.27584E-1 9.07313E-2 8.84455E-2 1.04784E-1 9.68159E-2 9.89369E-2 1.13913E-1 1.40864E-1 1.45452E-1 1.45657E-1 1.23876E-1 1.39335E-1 1.39375E-1 2.01126E-1 2.18443E-1 2.02711E-1 1.79331E-1 2.16794E-1 2.27408E-1 2.66991E-1 2.87767E-1 3.12139E-1 3.5138E-1 3.97079E-1 3.7873E-1 4.01311E-1 4.53262E-1 4.23389E-1 4.24659E-1 4.20764E-1
7.01374E-2 9.22976E-2 1.68852E-1 1.51823E-1 1.49674E-1 1.31464E-1 1.19305E-1 1.02632E-1 1.09372E-1 9.38999E-2 9.53782E-2 9.96865E-2 8.90891E-2 7.92678E-2 1.04449E-1 1.08098E-1 1.39279E-1 1.72264E-1 2.00206E-1 1.98104E-1 2.04482E-1 1.978E-1 1.43809E-1 1.36186E-1 1.29925E-1 1.29865E-1 1.25607E-1 1.27807E-1 1.11387E-1 9.96344E-2 8.4079E-2 1.0187E-1 1.09887E-1 1.10384E-1 1.17874E-1 1.3076E-1 1.09201E-1 1.12961E-1 1.6357E-1 1.86857E-1 1.88262E-1 1.90593E-1 2.06146E-1 1.62437E-1 1.76826E-1 2.19874E-1 2.29149E-1 2.25672E-1 2.6833E-1 3.10431E-1 2.77701E-1 3.4099E-1 3.79145E-1 4.55793E-1 4.7971E-1 4.7564E-1 4.80434E-1 4.33029E-1
8.78414E-2 9.65029E-2 1.61556E-1 1.62875E-1 1.65118E-1 1.47248E-1 1.37709E-1 1.12073E-1 1.14959E-1 1.10502E-1 1.00215E-1 1.0585E-1 9.96447E-2 1.03401E-1 1.24059E-1 1.18744E-1 1.38157E-1 1.83145E-1 2.05623E-1 2.086E-1 1.89397E-1 1.49452E-1 1.76051E-1 1.53163E-1 1.25351E-1 1.27668E-1 1.02755E-1 1.1358E-1 9.15496E-2 1.00738E-1 9.89482E-2 9.61828E-2 9.8238E-2 1.09222E-1 1.26045E-1 1.5266E-1 1.53165E-1 1.55594E-1 1.72684E-1 1.93178E-1 1.92431E-1 1.99173E-1 2E-1 1.9265E-1 1.70117E-1 1.86471E-1 2.07717E-1 2.34901E-1 2.71587E-1 2.6383E-1 2.75874E-1 2.97587E-1 3.43531E-1 4.56884E-1 4.49866E-1 4.5653E-1 5.07713E-1 5.14453E-1
